------------------------
SampleId: '3'
------------------------
Amplitude  :    75.15  %
         +/-     0.02  %
T2         :    61.22 ms
         +/-     0.02 ms
Offset     :    0.534  %
         +/-    0.003  %
------------------------

Bruker BioSpin GmbH: the minispec
DataType=1
DataLimits=0.27064,755.299,3000
DataUnit=ms,%
c:\users\bruker\documents\joao_ambrozetto\cpmg-amostrad\amostrad_cpmg.app
27.06.2019 17:35:00

0.27064	78.8613
0.5224	77.5917
0.77416	77.0106
1.02592	76.0291
1.27768	75.6824
1.52944	74.8279
1.7812	74.6374
2.03296	73.8952
2.28472	73.7292
2.53648	73.0651
2.78824	72.8209
3.04	72.235
3.29176	72.1422
3.54352	71.5025
3.79528	71.4293
4.04704	70.8238
4.2988	70.7847
4.55056	70.2134
4.80232	70.1548
5.05408	69.6079
5.30584	69.5444
5.5576	68.9975
5.80936	68.9145
6.06112	68.3578
6.31288	68.3725
6.56464	67.7963
6.8164	67.7719
7.06816	67.2445
7.31992	67.1761
7.57168	66.6829
7.82344	66.595
8.0752	66.1751
8.32696	66.0823
8.57872	65.6673
8.83048	65.555
9.08224	65.1741
9.334	64.9885
9.58576	64.6321
9.83752	64.4221
10.0893	64.0998
10.341	63.885
10.5928	63.5578
10.8446	63.3674
11.0963	63.1086
11.3481	62.8839
11.5998	62.547
11.8516	62.3273
12.1034	62.0245
12.3551	61.8097
12.6069	61.546
12.8586	61.2969
13.1104	61.0626
13.3622	60.7989
13.6139	60.5791
13.8657	60.2764
14.1174	60.1494
14.3692	59.7734
14.621	59.6025
14.8727	59.2461
15.1245	59.1044
15.3762	58.7675
15.628	58.6454
15.8798	58.3232
16.1315	58.1767
16.3833	57.8056
16.635	57.7177
16.8868	57.3173
17.1386	57.2782
17.3903	56.8436
17.6421	56.7752
17.8938	56.3992
18.1456	56.2918
18.3974	55.9305
18.6491	55.8182
18.9009	55.4422
19.1526	55.3982
19.4044	54.9783
19.6562	54.9148
19.9079	54.5339
20.1597	54.4802
20.4114	54.1091
20.6632	54.0456
20.915	53.6598
21.1667	53.6013
21.4185	53.2253
21.6702	53.1667
21.922	52.7614
22.1738	52.7077
22.4255	52.3219
22.6773	52.3219
22.929	51.9947
23.1808	51.858
23.4326	51.526
23.6843	51.4625
23.9361	51.1109
24.1878	51.0279
24.4396	50.7544
24.6914	50.6372
24.9431	50.354
25.1949	50.2173
25.4466	49.895
25.6984	49.7876
25.9502	49.5337
26.2019	49.3872
26.4537	49.1137
26.7054	48.9477
26.9572	48.7328
27.209	48.5864
27.4607	48.4008
27.7125	48.1957
27.9642	47.9906
28.216	47.8002
28.4678	47.6293
28.7195	47.3509
28.9713	47.2093
29.223	46.9603
29.4748	46.8285
29.7266	46.6087
29.9783	46.4915
30.2301	46.2327
30.4818	46.0862
30.7336	45.847
30.9854	45.7151
31.2371	45.4856
31.4889	45.3684
31.7406	45.0999
31.9924	45.0266
32.2442	44.719
32.4959	44.6213
32.7477	44.3186
32.9994	44.2453
33.2512	43.9475
33.503	43.8547
33.7547	43.5959
34.0065	43.5422
34.2582	43.2736
34.51	43.1857
34.7618	42.9464
35.0135	42.8341
35.2653	42.5607
35.517	42.4777
35.7688	42.2189
36.0206	42.1554
36.2723	41.8819
36.5241	41.8477
36.7758	41.5694
37.0276	41.4718
37.2794	41.2032
37.5311	41.1348
37.7829	40.8858
38.0346	40.8125
38.2864	40.5196
38.5382	40.4658
38.7899	40.2119
39.0417	40.1387
39.2934	39.8994
39.5452	39.8262
39.797	39.5967
40.0487	39.5088
40.3005	39.3134
40.5522	39.1377
40.804	38.9521
41.0558	38.8886
41.3075	38.6298
41.5593	38.4931
41.811	38.3759
42.0628	38.2001
42.3146	38.0292
42.5663	37.9413
42.8181	37.7753
43.0698	37.5507
43.3216	37.4676
43.5734	37.2967
43.8251	37.1795
44.0769	36.9647
44.3286	36.8622
44.5804	36.6912
44.8322	36.5887
45.0839	36.3934
45.3357	36.2713
45.5874	36.1053
45.8392	35.9686
46.091	35.8025
46.3427	35.6707
46.5945	35.4705
46.8462	35.3826
47.098	35.2459
47.3498	35.0945
47.6015	35.0066
47.8533	34.865
48.105	34.655
48.3568	34.5525
48.6086	34.4011
48.8603	34.2937
49.1121	34.0446
49.3638	34.03
49.6156	33.8102
49.8674	33.7272
50.1191	33.5563
50.3709	33.4538
50.6226	33.2829
50.8744	33.2047
51.1262	32.985
51.3779	32.9362
51.6297	32.775
51.8814	32.6627
52.1332	32.4772
52.385	32.4186
52.6367	32.2184
52.8885	32.1158
53.1402	31.9986
53.392	31.8668
53.6438	31.7203
53.8955	31.608
54.1473	31.4664
54.399	31.359
54.6508	31.2369
54.9026	31.1002
55.1543	30.9732
55.4061	30.8072
55.6578	30.7339
55.9096	30.6118
56.1614	30.4751
56.4131	30.3482
56.6649	30.2456
56.9166	30.1089
57.1684	29.9429
57.4202	29.8843
57.6719	29.7622
57.9237	29.6206
58.1754	29.5278
58.4272	29.3862
58.679	29.2983
58.9307	29.1958
59.1825	29.059
59.4342	28.9711
59.686	28.7807
59.9378	28.6293
60.1895	28.6342
60.4413	28.4828
60.693	28.3949
60.9448	28.268
61.1966	28.141
61.4483	27.9994
61.7001	27.9066
61.9518	27.7699
62.2036	27.7113
62.4554	27.5404
62.7071	27.4916
62.9589	27.3402
63.2106	27.2279
63.4624	27.1302
63.7142	27.0423
63.9659	26.9007
64.2177	26.8324
64.4694	26.7054
64.7212	26.5931
64.973	26.4271
65.2247	26.4613
65.4765	26.2806
65.7282	26.1829
65.98	26.0218
66.2318	25.9681
66.4835	25.8118
66.7353	25.7288
66.987	25.6116
67.2388	25.5628
67.4906	25.4212
67.7423	25.3479
67.9941	25.2112
68.2458	25.1282
68.4976	25.0256
68.7494	24.9133
69.0011	24.8401
69.2529	24.7327
69.5046	24.6448
69.7564	24.5324
70.0082	24.4153
70.2599	24.3225
70.5117	24.2297
70.7634	24.1858
71.0152	24.0197
71.267	23.9611
71.5187	23.8586
71.7705	23.7463
72.0222	23.6633
72.274	23.5607
72.5258	23.4924
72.7775	23.4045
73.0293	23.2775
73.281	23.2238
73.5328	23.1359
73.7846	23.0187
74.0363	22.9162
74.2881	22.799
74.5398	22.6964
74.7916	22.6281
75.0434	22.5353
75.2951	22.5109
75.5469	22.3839
75.7986	22.2862
76.0504	22.213
76.3022	22.1007
76.5539	22.0421
76.8057	21.8858
77.0574	21.8468
77.3092	21.7686
77.561	21.6514
77.8127	21.5977
78.0645	21.5538
78.3162	21.4366
78.568	21.3829
78.8198	21.2559
79.0715	21.1876
79.3233	21.0606
79.575	21.0508
79.8268	20.9043
80.0786	20.8506
80.3303	20.7481
80.5821	20.6993
80.8338	20.5674
81.0856	20.5235
81.3374	20.4649
81.5891	20.3428
81.8409	20.2158
82.0926	20.2158
82.3444	20.0889
82.5962	20.0498
82.8479	19.9473
83.0997	19.8935
83.3514	19.8057
83.6032	19.7568
83.855	19.6152
84.1067	19.5273
84.3585	19.5127
84.6102	19.4101
84.862	19.3466
85.1138	19.2343
85.3655	19.1757
85.6173	19.0976
85.869	19.0097
86.1208	18.9511
86.3726	18.8437
86.6243	18.7802
86.8761	18.707
87.1278	18.6435
87.3796	18.5947
87.6314	18.4921
87.8831	18.414
88.1349	18.3749
88.3866	18.3066
88.6384	18.1698
88.8902	18.1454
89.1419	18.0429
89.3937	17.9794
89.6454	17.8866
89.8972	17.872
90.149	17.745
90.4007	17.7255
90.6525	17.6473
90.9042	17.6034
91.156	17.4764
91.4078	17.4374
91.6595	17.3202
91.9113	17.3153
92.163	17.2421
92.4148	17.1444
92.6666	17.0614
92.9183	17.0272
93.1701	16.954
93.4218	16.9295
93.6736	16.8075
93.9254	16.7098
94.1771	16.6952
94.4289	16.6219
94.6806	16.5731
94.9324	16.534
95.1842	16.4266
95.4359	16.3826
95.6877	16.2606
95.9394	16.2557
96.1912	16.1873
96.443	16.075
96.6947	16.0652
96.9465	15.9627
97.1982	15.8894
97.45	15.8553
97.7018	15.8113
97.9535	15.782
98.2053	15.6599
98.457	15.5916
98.7088	15.5476
98.9606	15.4744
99.2123	15.4256
99.4641	15.3279
99.7158	15.3279
99.9676	15.2302
100.219	15.1814
100.471	15.1033
100.723	15.0691
100.975	15.0154
101.226	14.9666
101.478	14.8787
101.73	14.8249
101.982	14.737
102.233	14.6833
102.485	14.6394
102.737	14.5906
102.989	14.5515
103.24	14.4685
103.492	14.4489
103.744	14.4001
103.996	14.2927
104.248	14.2585
104.499	14.1999
104.751	14.1267
105.003	14.0485
105.255	14.0388
105.506	13.9753
105.758	13.9167
106.01	13.8434
106.262	13.819
106.513	13.7214
106.765	13.736
107.017	13.6432
107.269	13.5846
107.52	13.5749
107.772	13.487
108.024	13.4382
108.276	13.3991
108.527	13.3014
108.779	13.2917
109.031	13.2428
109.283	13.1354
109.534	13.111
109.786	13.111
110.038	13.0475
110.29	12.9694
110.542	12.9303
110.793	12.8424
111.045	12.8278
111.297	12.818
111.549	12.7301
111.8	12.691
112.052	12.6227
112.304	12.5885
112.556	12.525
112.807	12.4518
113.059	12.4225
113.311	12.359
113.563	12.359
113.814	12.2906
114.066	12.2467
114.318	12.2174
114.57	12.149
114.821	12.1295
115.073	12.0758
115.325	11.983
115.577	11.9293
115.828	11.8707
116.08	11.817
116.332	11.8365
116.584	11.8023
116.836	11.7486
117.087	11.7047
117.339	11.6412
117.591	11.5875
117.843	11.5826
118.094	11.5094
118.346	11.4752
118.598	11.4312
118.85	11.3775
119.101	11.3433
119.353	11.2701
119.605	11.2213
119.857	11.2017
120.108	11.1382
120.36	11.0943
120.612	11.0455
120.864	11.065
121.115	10.9332
121.367	10.9576
121.619	10.8746
121.871	10.8453
122.122	10.8062
122.374	10.7818
122.626	10.7574
122.878	10.6841
123.13	10.6695
123.381	10.6011
123.633	10.5913
123.885	10.5181
124.137	10.479
124.388	10.4546
124.64	10.4253
124.892	10.3618
125.144	10.2984
125.395	10.2788
125.647	10.2544
125.899	10.2007
126.151	10.186
126.402	10.1226
126.654	10.0884
126.906	10.064
127.158	9.99561
127.409	9.98584
127.661	9.91259
127.913	9.93701
128.165	9.84911
128.416	9.81493
128.668	9.78563
128.92	9.75145
129.172	9.66844
129.424	9.69286
129.675	9.61473
129.927	9.59031
130.179	9.60984
130.431	9.50242
130.682	9.49753
130.934	9.41452
131.186	9.45847
131.438	9.38522
131.689	9.35593
131.941	9.27291
132.193	9.29245
132.445	9.25338
132.696	9.15572
132.948	9.15572
133.2	9.14107
133.452	9.08247
133.703	9.08247
133.955	9.06783
134.207	8.99458
134.459	8.9604
134.71	8.97993
134.962	8.9018
135.214	8.85297
135.466	8.82856
135.718	8.80414
135.969	8.75043
136.221	8.76019
136.473	8.69671
136.725	8.63323
136.976	8.61858
137.228	8.63323
137.48	8.5844
137.732	8.50627
137.983	8.49163
138.235	8.48674
138.487	8.3842
138.739	8.47698
138.99	8.36467
139.242	8.36955
139.494	8.2963
139.746	8.2963
139.997	8.23771
140.249	8.19376
140.501	8.16934
140.753	8.18399
141.004	8.1254
141.256	8.09122
141.508	8.0375
141.76	8.01797
142.012	7.96914
142.263	7.95937
142.515	7.93984
142.767	7.93007
143.019	7.89589
143.27	7.8666
143.522	7.80312
143.774	7.80312
144.026	7.76405
144.277	7.70545
144.529	7.72987
144.781	7.68592
145.033	7.66151
145.284	7.60291
145.536	7.60779
145.788	7.5492
146.04	7.5199
146.291	7.53943
146.543	7.46618
146.795	7.4613
147.047	7.39294
147.298	7.38806
147.55	7.35876
147.802	7.34899
148.054	7.32458
148.306	7.27575
148.557	7.25133
148.809	7.25621
149.061	7.21227
149.313	7.1732
149.564	7.13414
149.816	7.13902
150.068	7.1439
150.32	7.05601
150.571	7.07554
150.823	6.99741
151.075	6.94858
151.327	6.973
151.578	6.96323
151.83	6.87045
152.082	6.89487
152.334	6.83139
152.585	6.82162
152.837	6.79232
153.089	6.78744
153.341	6.75326
153.592	6.76303
153.844	6.68978
154.096	6.69466
154.348	6.64583
154.6	6.61165
154.851	6.64583
155.103	6.57259
155.355	6.55794
155.607	6.50911
155.858	6.49934
156.11	6.50422
156.362	6.44563
156.614	6.47493
156.865	6.39191
157.117	6.4261
157.369	6.40168
157.621	6.3382
157.872	6.29914
158.124	6.24542
158.376	6.25519
158.628	6.23077
158.879	6.24542
159.131	6.16729
159.383	6.17218
159.635	6.18683
159.886	6.12335
160.138	6.14776
160.39	6.11846
160.642	6.08916
160.894	6.06475
161.145	6.00127
161.397	5.98174
161.649	5.97197
161.901	5.93291
162.152	5.90849
162.404	5.90849
162.656	5.91337
162.908	5.88896
163.159	5.85478
163.411	5.83036
163.663	5.84013
163.915	5.81083
164.166	5.76688
164.418	5.75223
164.67	5.7327
164.922	5.67899
165.173	5.64969
165.425	5.7034
165.677	5.62527
165.929	5.63992
166.18	5.62039
166.432	5.5618
166.684	5.57644
166.936	5.51785
167.188	5.48367
167.439	5.48367
167.691	5.5032
167.943	5.44948
168.195	5.51296
168.446	5.43484
168.698	5.4153
168.95	5.36159
169.202	5.35671
169.453	5.36159
169.705	5.31764
169.957	5.29323
170.209	5.28346
170.46	5.30788
170.712	5.23463
170.964	5.21998
171.216	5.2151
171.467	5.21022
171.719	5.1565
171.971	5.15162
172.223	5.1565
172.474	5.12232
172.726	5.10279
172.978	5.05884
173.23	5.04419
173.482	5.09791
173.733	5.00024
173.985	5.05396
174.237	4.99048
174.489	4.97095
174.74	4.93676
174.992	4.92212
175.244	4.93676
175.496	4.90747
175.747	4.86352
175.999	4.8684
176.251	4.85864
176.503	4.80492
176.754	4.85864
177.006	4.82934
177.258	4.80981
177.51	4.76586
177.761	4.76097
178.013	4.72679
178.265	4.70238
178.517	4.68773
178.768	4.74144
179.02	4.66331
179.272	4.6389
179.524	4.64378
179.776	4.60472
180.027	4.56077
180.279	4.6096
180.531	4.59007
180.783	4.56077
181.034	4.54612
181.286	4.56077
181.538	4.53147
181.79	4.43869
182.041	4.47287
182.293	4.44846
182.545	4.42404
182.797	4.46799
183.048	4.41428
183.3	4.37521
183.552	4.3508
183.804	4.36545
184.055	4.3508
184.307	4.31662
184.559	4.30685
184.811	4.28244
185.062	4.30197
185.314	4.30685
185.566	4.24337
185.818	4.21896
186.07	4.2629
186.321	4.20919
186.573	4.19942
186.825	4.19454
187.077	4.17989
187.328	4.13594
187.58	4.10665
187.832	4.10665
188.084	4.07246
188.335	4.07735
188.587	4.06758
188.839	4.10176
189.091	4.04805
189.342	4.04805
189.594	4.0627
189.846	4.02363
190.098	4.00898
190.349	3.99922
190.601	3.95527
190.853	3.94551
191.105	3.96504
191.356	3.98457
191.608	3.90156
191.86	3.90156
192.112	3.86738
192.364	3.88203
192.615	3.83319
192.867	3.88691
193.119	3.85273
193.371	3.85761
193.622	3.80878
193.874	3.75995
194.126	3.75018
194.378	3.8039
194.629	3.77948
194.881	3.74042
195.133	3.73065
195.385	3.72088
195.636	3.68182
195.888	3.70624
196.14	3.6867
196.392	3.66229
196.643	3.66717
196.895	3.65741
197.147	3.62322
197.399	3.68182
197.65	3.60369
197.902	3.59881
198.154	3.59393
198.406	3.57439
198.658	3.52068
198.909	3.55486
199.161	3.49626
199.413	3.50115
199.665	3.51091
199.916	3.53045
200.168	3.46697
200.42	3.45232
200.672	3.54021
200.923	3.44255
201.175	3.44255
201.427	3.43767
201.679	3.4572
201.93	3.40349
202.182	3.43278
202.434	3.40349
202.686	3.40837
202.937	3.37907
203.189	3.34489
203.441	3.37419
203.693	3.35954
203.944	3.34977
204.196	3.32047
204.448	3.27653
204.7	3.24235
204.952	3.27164
205.203	3.25211
205.455	3.26676
205.707	3.24235
205.959	3.20328
206.21	3.25211
206.462	3.20328
206.714	3.1984
206.966	3.17887
207.217	3.18863
207.469	3.20328
207.721	3.15933
207.973	3.1691
208.224	3.11539
208.476	3.12027
208.728	3.13004
208.98	3.09585
209.231	3.14957
209.483	3.09097
209.735	3.02261
209.987	3.08121
210.238	3.05191
210.49	3.06167
210.742	3.07144
210.994	3.06656
211.246	3.01773
211.497	2.98843
211.749	2.96401
212.001	2.96889
212.253	2.96401
212.504	2.94936
212.756	2.92495
213.008	2.92983
213.26	2.97378
213.511	2.89077
213.763	2.9103
214.015	2.96401
214.267	2.90542
214.518	2.89565
214.77	2.91518
215.022	2.90542
215.274	2.87123
215.525	2.88588
215.777	2.87123
216.029	2.86147
216.281	2.81264
216.532	2.77357
216.784	2.81752
217.036	2.82729
217.288	2.76381
217.54	2.76869
217.791	2.74916
218.043	2.73451
218.295	2.76381
218.547	2.74427
218.798	2.73939
219.05	2.71986
219.302	2.73451
219.554	2.73939
219.805	2.70033
220.057	2.73451
220.309	2.69544
220.561	2.70521
220.812	2.69056
221.064	2.59778
221.316	2.62708
221.568	2.65638
221.819	2.61243
222.071	2.61732
222.323	2.62708
222.575	2.60755
222.826	2.59778
223.078	2.60267
223.33	2.60267
223.582	2.56848
223.834	2.5929
224.085	2.60267
224.337	2.55384
224.589	2.52942
224.841	2.47082
225.092	2.51965
225.344	2.5343
225.596	2.54895
225.848	2.48547
226.099	2.48547
226.351	2.49524
226.603	2.49036
226.855	2.46594
227.106	2.48059
227.358	2.49036
227.61	2.47082
227.862	2.43664
228.113	2.48059
228.365	2.49036
228.617	2.45617
228.869	2.40246
229.12	2.40246
229.372	2.39758
229.624	2.38293
229.876	2.38293
230.128	2.38293
230.379	2.38781
230.631	2.35363
230.883	2.33898
231.135	2.3634
231.386	2.32922
231.638	2.34875
231.89	2.32922
232.142	2.30968
232.393	2.27062
232.645	2.32433
232.897	2.31945
233.149	2.32433
233.4	2.26085
233.652	2.2755
233.904	2.26085
234.156	2.22667
234.407	2.26085
234.659	2.25109
234.911	2.23644
235.163	2.23155
235.414	2.27062
235.666	2.19249
235.918	2.25597
236.17	2.25597
236.422	2.25109
236.673	2.25597
236.925	2.22179
237.177	2.15343
237.429	2.16807
237.68	2.14854
237.932	2.18761
238.184	2.16319
238.436	2.16319
238.687	2.15343
238.939	2.17296
239.191	2.13389
239.443	2.09971
239.694	2.14854
239.946	2.13878
240.198	2.12413
240.45	2.10459
240.701	2.12901
240.953	2.11924
241.205	2.08506
241.457	2.10948
241.708	2.07041
241.96	2.0167
242.212	2.10948
242.464	2.02158
242.716	2.04112
242.967	2.03135
243.219	2.03135
243.471	2.0167
243.723	2.04112
243.974	2.04112
244.226	2.0167
244.478	2.00205
244.73	2.08506
244.981	2.02647
245.233	2.0167
245.485	1.99717
245.737	1.98252
245.988	2.02158
246.24	1.99717
246.492	1.97764
246.744	1.96299
246.995	1.94834
247.247	1.93857
247.499	1.94345
247.751	1.92881
248.002	1.90439
248.254	1.94834
248.506	1.90439
248.758	1.96299
249.01	1.90927
249.261	1.92392
249.513	1.92881
249.765	1.92881
250.017	1.91416
250.268	1.84091
250.52	1.85556
250.772	1.87021
251.024	1.85068
251.275	1.83603
251.527	1.86044
251.779	1.85556
252.031	1.84579
252.282	1.84579
252.534	1.83114
252.786	1.82138
253.038	1.82138
253.289	1.83603
253.541	1.83114
253.793	1.83114
254.045	1.84091
254.296	1.84091
254.548	1.76766
254.8	1.79208
255.052	1.79696
255.304	1.76766
255.555	1.76278
255.807	1.7872
256.059	1.76278
256.311	1.80185
256.562	1.80185
256.814	1.78231
257.066	1.73348
257.318	1.73348
257.569	1.7579
257.821	1.73348
258.073	1.72372
258.325	1.71883
258.576	1.73837
258.828	1.70418
259.08	1.70907
259.332	1.71883
259.583	1.7286
259.835	1.6993
260.087	1.70907
260.339	1.70907
260.59	1.67977
260.842	1.66512
261.094	1.65047
261.346	1.69442
261.598	1.66512
261.849	1.66024
262.101	1.69442
262.353	1.65047
262.605	1.65535
262.856	1.62606
263.108	1.64071
263.36	1.66024
263.612	1.61629
263.863	1.66512
264.115	1.62606
264.367	1.60652
264.619	1.61629
264.87	1.62117
265.122	1.59187
265.374	1.61629
265.626	1.57234
265.877	1.62117
266.129	1.60652
266.381	1.54304
266.633	1.56746
266.884	1.59187
267.136	1.58211
267.388	1.56746
267.64	1.57723
267.892	1.56746
268.143	1.54793
268.395	1.57723
268.647	1.51375
268.899	1.56746
269.15	1.52839
269.402	1.53328
269.654	1.53816
269.906	1.52351
270.157	1.50886
270.409	1.57234
270.661	1.53816
270.913	1.53328
271.164	1.53328
271.416	1.51863
271.668	1.51375
271.92	1.47956
272.171	1.50886
272.423	1.50886
272.675	1.47956
272.927	1.4991
273.178	1.47956
273.43	1.45515
273.682	1.51863
273.934	1.48445
274.186	1.47956
274.437	1.4405
274.689	1.49421
274.941	1.49421
275.193	1.46003
275.444	1.42097
275.696	1.46492
275.948	1.42585
276.2	1.42585
276.451	1.44538
276.703	1.4405
276.955	1.40144
277.207	1.41608
277.458	1.42097
277.71	1.40632
277.962	1.44538
278.214	1.4112
278.465	1.40144
278.717	1.39167
278.969	1.42585
279.221	1.40144
279.472	1.40144
279.724	1.36725
279.976	1.4112
280.228	1.38679
280.48	1.38679
280.731	1.3819
280.983	1.39167
281.235	1.35261
281.487	1.33307
281.738	1.36237
281.99	1.37214
282.242	1.35261
282.494	1.35749
282.745	1.33796
282.997	1.36725
283.249	1.33307
283.501	1.34284
283.752	1.32819
284.004	1.35261
284.256	1.37702
284.508	1.32331
284.759	1.32819
285.011	1.33796
285.263	1.34284
285.515	1.30377
285.766	1.32819
286.018	1.31842
286.27	1.23541
286.522	1.29889
286.774	1.32331
287.025	1.33796
287.277	1.31354
287.529	1.28424
287.781	1.29401
288.032	1.29401
288.284	1.31354
288.536	1.27936
288.788	1.30377
289.039	1.28913
289.291	1.25494
289.543	1.31842
289.795	1.29889
290.046	1.26959
290.298	1.25006
290.55	1.25983
290.802	1.20123
291.053	1.25006
291.305	1.24029
291.557	1.25006
291.809	1.24518
292.06	1.19146
292.312	1.22565
292.564	1.24518
292.816	1.23541
293.068	1.23541
293.319	1.25494
293.571	1.24029
293.823	1.23541
294.075	1.22076
294.326	1.22565
294.578	1.211
294.83	1.23053
295.082	1.24518
295.333	1.20123
295.585	1.22076
295.837	1.16705
296.089	1.24029
296.34	1.19146
296.592	1.24518
296.844	1.20611
297.096	1.19146
297.347	1.21588
297.599	1.19635
297.851	1.16217
298.103	1.18658
298.354	1.1817
298.606	1.1524
298.858	1.211
299.11	1.15728
299.362	1.14263
299.613	1.13287
299.865	1.211
300.117	1.1524
300.369	1.18658
300.62	1.14752
300.872	1.14263
301.124	1.15728
301.376	1.14263
301.627	1.13287
301.879	1.11822
302.131	1.16705
302.383	1.17682
302.634	1.1524
302.886	1.17193
303.138	1.14263
303.39	1.14263
303.641	1.12798
303.893	1.1231
304.145	1.13775
304.397	1.1231
304.648	1.12798
304.9	1.11334
305.152	1.13287
305.404	1.17193
305.656	1.13287
305.907	1.11334
306.159	1.13775
306.411	1.10845
306.663	1.10357
306.914	1.0938
307.166	1.0938
307.418	1.06939
307.67	1.11334
307.921	1.16217
308.173	1.10357
308.425	1.10845
308.677	1.11822
308.928	1.08404
309.18	1.11334
309.432	1.06451
309.684	1.08892
309.935	1.07427
310.187	1.06451
310.439	1.07427
310.691	1.10357
310.942	1.08892
311.194	1.07427
311.446	1.01079
311.698	1.04986
311.95	1.05474
312.201	1.02544
312.453	1.05962
312.705	1.04986
312.957	1.06451
313.208	1.04986
313.46	1.02056
313.712	1.04497
313.964	1.04986
314.215	1.05474
314.467	1.05962
314.719	1.06451
314.971	1.05474
315.222	1.04497
315.474	1.01079
315.726	1.02056
315.978	1.03032
316.229	1.03032
316.481	1.01567
316.733	0.991259
316.985	1.04009
317.236	1.02056
317.488	1.03521
317.74	1.01567
317.992	1.04986
318.244	1.01079
318.495	1.02544
318.747	1.02544
318.999	1.06451
319.251	1.00591
319.502	0.981493
319.754	1.02056
320.006	0.966844
320.258	0.996142
320.509	0.947312
320.761	1.00591
321.013	1.00103
321.265	1.01079
321.516	1.00103
321.768	1.02056
322.02	1.01567
322.272	0.981493
322.523	0.981493
322.775	1.00591
323.027	0.991259
323.279	1.00591
323.53	0.986376
323.782	0.957078
324.034	0.971727
324.286	0.961961
324.538	0.961961
324.789	0.957078
325.041	0.932663
325.293	1.00591
325.545	1.01567
325.796	1.00591
326.048	0.981493
326.3	0.952195
326.552	1.03032
326.803	0.947312
327.055	0.952195
327.307	0.97661
327.559	0.942429
327.81	0.932663
328.062	0.966844
328.314	0.942429
328.566	0.947312
328.817	0.913131
329.069	0.952195
329.321	0.97661
329.573	0.913131
329.824	0.932663
330.076	0.937546
330.328	0.947312
330.58	0.937546
330.832	0.952195
331.083	0.922897
331.335	0.971727
331.587	0.942429
331.839	0.932663
332.09	0.922897
332.342	0.952195
332.594	0.961961
332.846	0.918014
333.097	0.92778
333.349	0.888715
333.601	0.918014
333.853	0.893598
334.104	0.883832
334.356	0.844768
334.608	0.893598
334.86	0.971727
335.111	0.883832
335.363	0.893598
335.615	0.937546
335.867	0.922897
336.118	0.898481
336.37	0.903364
336.622	0.937546
336.874	0.92778
337.126	0.893598
337.377	0.859417
337.629	0.883832
337.881	0.898481
338.133	0.878949
338.384	0.903364
338.636	0.874066
338.888	0.869183
339.14	0.878949
339.391	0.888715
339.643	0.883832
339.895	0.918014
340.147	0.932663
340.398	0.908247
340.65	0.898481
340.902	0.878949
341.154	0.883832
341.405	0.888715
341.657	0.898481
341.909	0.825236
342.161	0.878949
342.412	0.844768
342.664	0.903364
342.916	0.869183
343.168	0.849651
343.42	0.854534
343.671	0.830119
343.923	0.878949
344.175	0.859417
344.427	0.844768
344.678	0.878949
344.93	0.854534
345.182	0.893598
345.434	0.849651
345.685	0.888715
345.937	0.859417
346.189	0.844768
346.441	0.81547
346.692	0.844768
346.944	0.80082
347.196	0.854534
347.448	0.839885
347.699	0.830119
347.951	0.874066
348.203	0.835002
348.455	0.849651
348.706	0.839885
348.958	0.80082
349.21	0.830119
349.462	0.844768
349.714	0.820353
349.965	0.859417
350.217	0.854534
350.469	0.825236
350.721	0.810586
350.972	0.795937
351.224	0.805703
351.476	0.80082
351.728	0.825236
351.979	0.820353
352.231	0.869183
352.483	0.820353
352.735	0.859417
352.986	0.81547
353.238	0.830119
353.49	0.81547
353.742	0.854534
353.993	0.839885
354.245	0.854534
354.497	0.820353
354.749	0.830119
355	0.776405
355.252	0.825236
355.504	0.80082
355.756	0.771522
356.008	0.786171
356.259	0.835002
356.511	0.791054
356.763	0.810586
357.015	0.747107
357.266	0.786171
357.518	0.81547
357.77	0.786171
358.022	0.805703
358.273	0.786171
358.525	0.81547
358.777	0.776405
359.029	0.810586
359.28	0.766639
359.532	0.810586
359.784	0.75199
360.036	0.839885
360.287	0.839885
360.539	0.771522
360.791	0.791054
361.043	0.766639
361.294	0.795937
361.546	0.791054
361.798	0.80082
362.05	0.766639
362.302	0.786171
362.553	0.791054
362.805	0.742224
363.057	0.781288
363.309	0.747107
363.56	0.747107
363.812	0.791054
364.064	0.825236
364.316	0.81547
364.567	0.81547
364.819	0.795937
365.071	0.766639
365.323	0.771522
365.574	0.810586
365.826	0.786171
366.078	0.81547
366.33	0.766639
366.581	0.781288
366.833	0.791054
367.085	0.771522
367.337	0.781288
367.588	0.771522
367.84	0.771522
368.092	0.747107
368.344	0.75199
368.596	0.781288
368.847	0.756873
369.099	0.781288
369.351	0.732458
369.603	0.747107
369.854	0.712925
370.106	0.810586
370.358	0.771522
370.61	0.756873
370.861	0.771522
371.113	0.781288
371.365	0.717808
371.617	0.781288
371.868	0.722692
372.12	0.698276
372.372	0.747107
372.624	0.708042
372.875	0.727575
373.127	0.737341
373.379	0.756873
373.631	0.727575
373.882	0.771522
374.134	0.771522
374.386	0.766639
374.638	0.747107
374.89	0.786171
375.141	0.722692
375.393	0.771522
375.645	0.693393
375.897	0.776405
376.148	0.712925
376.4	0.708042
376.652	0.737341
376.904	0.722692
377.155	0.712925
377.407	0.727575
377.659	0.727575
377.911	0.742224
378.162	0.732458
378.414	0.737341
378.666	0.722692
378.918	0.712925
379.169	0.727575
379.421	0.747107
379.673	0.703159
379.925	0.712925
380.176	0.761756
380.428	0.747107
380.68	0.727575
380.932	0.698276
381.184	0.693393
381.435	0.68851
381.687	0.737341
381.939	0.732458
382.191	0.698276
382.442	0.693393
382.694	0.708042
382.946	0.708042
383.198	0.742224
383.449	0.68851
383.701	0.727575
383.953	0.678744
384.205	0.717808
384.456	0.703159
384.708	0.703159
384.96	0.683627
385.212	0.673861
385.463	0.737341
385.715	0.683627
385.967	0.698276
386.219	0.732458
386.47	0.708042
386.722	0.698276
386.974	0.727575
387.226	0.678744
387.478	0.722692
387.729	0.693393
387.981	0.698276
388.233	0.703159
388.485	0.698276
388.736	0.708042
388.988	0.693393
389.24	0.683627
389.492	0.712925
389.743	0.68851
389.995	0.693393
390.247	0.68851
390.499	0.649446
390.75	0.693393
391.002	0.717808
391.254	0.683627
391.506	0.703159
391.757	0.678744
392.009	0.673861
392.261	0.678744
392.513	0.693393
392.764	0.649446
393.016	0.717808
393.268	0.678744
393.52	0.683627
393.772	0.693393
394.023	0.673861
394.275	0.712925
394.527	0.712925
394.779	0.678744
395.03	0.68851
395.282	0.68851
395.534	0.693393
395.786	0.683627
396.037	0.68851
396.289	0.68851
396.541	0.683627
396.793	0.712925
397.044	0.673861
397.296	0.712925
397.548	0.664095
397.8	0.659212
398.051	0.708042
398.303	0.664095
398.555	0.654329
398.807	0.644563
399.058	0.693393
399.31	0.649446
399.562	0.673861
399.814	0.678744
400.066	0.659212
400.317	0.668978
400.569	0.668978
400.821	0.649446
401.073	0.664095
401.324	0.654329
401.576	0.678744
401.828	0.649446
402.08	0.668978
402.331	0.659212
402.583	0.68851
402.835	0.644563
403.087	0.659212
403.338	0.644563
403.59	0.678744
403.842	0.63968
404.094	0.659212
404.345	0.673861
404.597	0.63968
404.849	0.654329
405.101	0.703159
405.352	0.68851
405.604	0.668978
405.856	0.668978
406.108	0.664095
406.36	0.654329
406.611	0.654329
406.863	0.63968
407.115	0.605498
407.367	0.68851
407.618	0.659212
407.87	0.63968
408.122	0.629914
408.374	0.668978
408.625	0.63968
408.877	0.712925
409.129	0.644563
409.381	0.654329
409.632	0.615264
409.884	0.703159
410.136	0.654329
410.388	0.703159
410.639	0.63968
410.891	0.605498
411.143	0.63968
411.395	0.68851
411.646	0.63968
411.898	0.620147
412.15	0.654329
412.402	0.654329
412.654	0.644563
412.905	0.595732
413.157	0.649446
413.409	0.654329
413.661	0.673861
413.912	0.610381
414.164	0.634797
414.416	0.620147
414.668	0.629914
414.919	0.605498
415.171	0.68851
415.423	0.659212
415.675	0.629914
415.926	0.668978
416.178	0.654329
416.43	0.68851
416.682	0.649446
416.933	0.634797
417.185	0.615264
417.437	0.63968
417.689	0.605498
417.94	0.600615
418.192	0.629914
418.444	0.673861
418.696	0.610381
418.948	0.644563
419.199	0.649446
419.451	0.644563
419.703	0.615264
419.955	0.615264
420.206	0.615264
420.458	0.595732
420.71	0.610381
420.962	0.585966
421.213	0.644563
421.465	0.644563
421.717	0.625031
421.969	0.644563
422.22	0.63968
422.472	0.634797
422.724	0.620147
422.976	0.615264
423.227	0.659212
423.479	0.644563
423.731	0.63968
423.983	0.625031
424.234	0.620147
424.486	0.615264
424.738	0.581083
424.99	0.561551
425.242	0.590849
425.493	0.615264
425.745	0.634797
425.997	0.581083
426.249	0.649446
426.5	0.625031
426.752	0.678744
427.004	0.625031
427.256	0.63968
427.507	0.620147
427.759	0.581083
428.011	0.629914
428.263	0.615264
428.514	0.625031
428.766	0.620147
429.018	0.634797
429.27	0.615264
429.521	0.605498
429.773	0.615264
430.025	0.644563
430.277	0.590849
430.528	0.610381
430.78	0.600615
431.032	0.605498
431.284	0.610381
431.536	0.634797
431.787	0.605498
432.039	0.634797
432.291	0.615264
432.543	0.590849
432.794	0.600615
433.046	0.610381
433.298	0.581083
433.55	0.615264
433.801	0.537136
434.053	0.63968
434.305	0.595732
434.557	0.595732
434.808	0.615264
435.06	0.585966
435.312	0.590849
435.564	0.585966
435.815	0.585966
436.067	0.629914
436.319	0.634797
436.571	0.620147
436.822	0.590849
437.074	0.629914
437.326	0.585966
437.578	0.581083
437.83	0.566434
438.081	0.551785
438.333	0.605498
438.585	0.63968
438.837	0.644563
439.088	0.605498
439.34	0.625031
439.592	0.600615
439.844	0.644563
440.095	0.595732
440.347	0.581083
440.599	0.629914
440.851	0.571317
441.102	0.605498
441.354	0.5762
441.606	0.605498
441.858	0.566434
442.109	0.585966
442.361	0.615264
442.613	0.600615
442.865	0.620147
443.116	0.585966
443.368	0.595732
443.62	0.595732
443.872	0.620147
444.124	0.5762
444.375	0.581083
444.627	0.595732
444.879	0.634797
445.131	0.625031
445.382	0.556668
445.634	0.581083
445.886	0.556668
446.138	0.551785
446.389	0.605498
446.641	0.5762
446.893	0.595732
447.145	0.546902
447.396	0.590849
447.648	0.615264
447.9	0.5762
448.152	0.581083
448.403	0.5762
448.655	0.625031
448.907	0.590849
449.159	0.561551
449.41	0.615264
449.662	0.605498
449.914	0.590849
450.166	0.566434
450.418	0.571317
450.669	0.571317
450.921	0.581083
451.173	0.551785
451.425	0.566434
451.676	0.542019
451.928	0.590849
452.18	0.600615
452.432	0.600615
452.683	0.590849
452.935	0.546902
453.187	0.620147
453.439	0.581083
453.69	0.542019
453.942	0.595732
454.194	0.610381
454.446	0.561551
454.697	0.561551
454.949	0.585966
455.201	0.590849
455.453	0.5762
455.704	0.590849
455.956	0.595732
456.208	0.595732
456.46	0.600615
456.712	0.590849
456.963	0.590849
457.215	0.615264
457.467	0.615264
457.719	0.551785
457.97	0.5762
458.222	0.556668
458.474	0.590849
458.726	0.546902
458.977	0.5762
459.229	0.537136
459.481	0.581083
459.733	0.581083
459.984	0.566434
460.236	0.595732
460.488	0.566434
460.74	0.581083
460.991	0.605498
461.243	0.600615
461.495	0.556668
461.747	0.590849
461.998	0.605498
462.25	0.595732
462.502	0.595732
462.754	0.5762
463.006	0.546902
463.257	0.556668
463.509	0.585966
463.761	0.51272
464.013	0.537136
464.264	0.571317
464.516	0.561551
464.768	0.5762
465.02	0.5762
465.271	0.551785
465.523	0.590849
465.775	0.600615
466.027	0.566434
466.278	0.468773
466.53	0.561551
466.782	0.585966
467.034	0.571317
467.285	0.546902
467.537	0.5762
467.789	0.595732
468.041	0.571317
468.292	0.556668
468.544	0.566434
468.796	0.551785
469.048	0.571317
469.3	0.600615
469.551	0.561551
469.803	0.5762
470.055	0.561551
470.307	0.517603
470.558	0.566434
470.81	0.546902
471.062	0.522486
471.314	0.551785
471.565	0.532253
471.817	0.571317
472.069	0.556668
472.321	0.566434
472.572	0.542019
472.824	0.566434
473.076	0.561551
473.328	0.532253
473.579	0.5762
473.831	0.566434
474.083	0.517603
474.335	0.522486
474.586	0.5762
474.838	0.551785
475.09	0.522486
475.342	0.585966
475.594	0.551785
475.845	0.551785
476.097	0.556668
476.349	0.517603
476.601	0.546902
476.852	0.537136
477.104	0.600615
477.356	0.522486
477.608	0.581083
477.859	0.561551
478.111	0.581083
478.363	0.542019
478.615	0.522486
478.866	0.551785
479.118	0.542019
479.37	0.546902
479.622	0.532253
479.873	0.52737
480.125	0.551785
480.377	0.566434
480.629	0.542019
480.88	0.522486
481.132	0.537136
481.384	0.551785
481.636	0.542019
481.888	0.546902
482.139	0.571317
482.391	0.542019
482.643	0.581083
482.895	0.551785
483.146	0.551785
483.398	0.52737
483.65	0.532253
483.902	0.52737
484.153	0.551785
484.405	0.581083
484.657	0.561551
484.909	0.502954
485.16	0.556668
485.412	0.551785
485.664	0.546902
485.916	0.522486
486.167	0.590849
486.419	0.537136
486.671	0.522486
486.923	0.542019
487.174	0.566434
487.426	0.517603
487.678	0.52737
487.93	0.542019
488.182	0.551785
488.433	0.542019
488.685	0.571317
488.937	0.551785
489.189	0.561551
489.44	0.556668
489.692	0.522486
489.944	0.551785
490.196	0.51272
490.447	0.581083
490.699	0.546902
490.951	0.561551
491.203	0.561551
491.454	0.561551
491.706	0.556668
491.958	0.561551
492.21	0.542019
492.461	0.581083
492.713	0.537136
492.965	0.590849
493.217	0.517603
493.468	0.561551
493.72	0.556668
493.972	0.566434
494.224	0.52737
494.476	0.502954
494.727	0.498071
494.979	0.566434
495.231	0.52737
495.483	0.546902
495.734	0.546902
495.986	0.51272
496.238	0.561551
496.49	0.507837
496.741	0.546902
496.993	0.52737
497.245	0.566434
497.497	0.566434
497.748	0.546902
498	0.522486
498.252	0.561551
498.504	0.566434
498.755	0.566434
499.007	0.498071
499.259	0.542019
499.511	0.546902
499.762	0.517603
500.014	0.542019
500.266	0.542019
500.518	0.546902
500.77	0.5762
501.021	0.556668
501.273	0.537136
501.525	0.532253
501.777	0.551785
502.028	0.52737
502.28	0.542019
502.532	0.51272
502.784	0.532253
503.035	0.517603
503.287	0.517603
503.539	0.556668
503.791	0.537136
504.042	0.571317
504.294	0.51272
504.546	0.502954
504.798	0.532253
505.049	0.551785
505.301	0.507837
505.553	0.537136
505.805	0.522486
506.056	0.517603
506.308	0.507837
506.56	0.556668
506.812	0.51272
507.064	0.502954
507.315	0.566434
507.567	0.51272
507.819	0.571317
508.071	0.546902
508.322	0.532253
508.574	0.532253
508.826	0.532253
509.078	0.522486
509.329	0.52737
509.581	0.532253
509.833	0.556668
510.085	0.51272
510.336	0.561551
510.588	0.542019
510.84	0.507837
511.092	0.542019
511.343	0.522486
511.595	0.507837
511.847	0.581083
512.099	0.571317
512.35	0.556668
512.602	0.542019
512.854	0.517603
513.106	0.537136
513.358	0.502954
513.609	0.498071
513.861	0.517603
514.113	0.483422
514.365	0.537136
514.616	0.542019
514.868	0.52737
515.12	0.5762
515.372	0.488305
515.623	0.517603
515.875	0.483422
516.127	0.502954
516.379	0.517603
516.63	0.522486
516.882	0.537136
517.134	0.542019
517.386	0.493188
517.637	0.517603
517.889	0.537136
518.141	0.502954
518.393	0.502954
518.644	0.502954
518.896	0.537136
519.148	0.517603
519.4	0.51272
519.652	0.51272
519.903	0.498071
520.155	0.532253
520.407	0.551785
520.659	0.498071
520.91	0.498071
521.162	0.473656
521.414	0.488305
521.666	0.517603
521.917	0.488305
522.169	0.537136
522.421	0.488305
522.673	0.488305
522.924	0.532253
523.176	0.502954
523.428	0.537136
523.68	0.493188
523.931	0.537136
524.183	0.546902
524.435	0.52737
524.687	0.498071
524.938	0.488305
525.19	0.537136
525.442	0.551785
525.694	0.522486
525.946	0.561551
526.197	0.488305
526.449	0.542019
526.701	0.493188
526.953	0.522486
527.204	0.517603
527.456	0.551785
527.708	0.502954
527.96	0.493188
528.211	0.498071
528.463	0.502954
528.715	0.537136
528.967	0.51272
529.218	0.537136
529.47	0.483422
529.722	0.522486
529.974	0.502954
530.225	0.51272
530.477	0.532253
530.729	0.498071
530.981	0.478539
531.232	0.517603
531.484	0.507837
531.736	0.51272
531.988	0.493188
532.24	0.46389
532.491	0.483422
532.743	0.488305
532.995	0.493188
533.247	0.493188
533.498	0.493188
533.75	0.454124
534.002	0.532253
534.254	0.532253
534.505	0.517603
534.757	0.502954
535.009	0.507837
535.261	0.522486
535.512	0.542019
535.764	0.51272
536.016	0.498071
536.268	0.551785
536.519	0.507837
536.771	0.51272
537.023	0.488305
537.275	0.478539
537.526	0.51272
537.778	0.483422
538.03	0.493188
538.282	0.51272
538.534	0.502954
538.785	0.51272
539.037	0.517603
539.289	0.498071
539.541	0.507837
539.792	0.502954
540.044	0.52737
540.296	0.473656
540.548	0.502954
540.799	0.52737
541.051	0.502954
541.303	0.542019
541.555	0.498071
541.806	0.502954
542.058	0.488305
542.31	0.566434
542.562	0.488305
542.813	0.51272
543.065	0.46389
543.317	0.517603
543.569	0.51272
543.82	0.52737
544.072	0.542019
544.324	0.459007
544.576	0.498071
544.828	0.493188
545.079	0.51272
545.331	0.498071
545.583	0.468773
545.835	0.498071
546.086	0.493188
546.338	0.478539
546.59	0.498071
546.842	0.488305
547.093	0.493188
547.345	0.51272
547.597	0.532253
547.849	0.498071
548.1	0.51272
548.352	0.522486
548.604	0.51272
548.856	0.52737
549.107	0.517603
549.359	0.542019
549.611	0.507837
549.863	0.483422
550.114	0.449241
550.366	0.468773
550.618	0.493188
550.87	0.468773
551.122	0.493188
551.373	0.468773
551.625	0.493188
551.877	0.488305
552.129	0.498071
552.38	0.502954
552.632	0.483422
552.884	0.51272
553.136	0.483422
553.387	0.52737
553.639	0.532253
553.891	0.478539
554.143	0.454124
554.394	0.498071
554.646	0.51272
554.898	0.51272
555.15	0.468773
555.401	0.493188
555.653	0.483422
555.905	0.498071
556.157	0.502954
556.408	0.498071
556.66	0.52737
556.912	0.537136
557.164	0.537136
557.416	0.517603
557.667	0.52737
557.919	0.493188
558.171	0.502954
558.423	0.473656
558.674	0.493188
558.926	0.46389
559.178	0.507837
559.43	0.488305
559.681	0.488305
559.933	0.502954
560.185	0.488305
560.437	0.532253
560.688	0.542019
560.94	0.517603
561.192	0.498071
561.444	0.507837
561.695	0.498071
561.947	0.517603
562.199	0.566434
562.451	0.52737
562.702	0.502954
562.954	0.488305
563.206	0.517603
563.458	0.493188
563.71	0.498071
563.961	0.468773
564.213	0.459007
564.465	0.478539
564.717	0.537136
564.968	0.493188
565.22	0.483422
565.472	0.488305
565.724	0.449241
565.975	0.556668
566.227	0.51272
566.479	0.498071
566.731	0.493188
566.982	0.498071
567.234	0.507837
567.486	0.478539
567.738	0.51272
567.989	0.429708
568.241	0.51272
568.493	0.507837
568.745	0.493188
568.996	0.488305
569.248	0.51272
569.5	0.473656
569.752	0.507837
570.004	0.488305
570.255	0.473656
570.507	0.517603
570.759	0.478539
571.011	0.51272
571.262	0.468773
571.514	0.468773
571.766	0.502954
572.018	0.449241
572.269	0.507837
572.521	0.473656
572.773	0.488305
573.025	0.483422
573.276	0.498071
573.528	0.488305
573.78	0.444358
574.032	0.483422
574.283	0.488305
574.535	0.498071
574.787	0.488305
575.039	0.473656
575.29	0.473656
575.542	0.51272
575.794	0.483422
576.046	0.473656
576.298	0.488305
576.549	0.483422
576.801	0.483422
577.053	0.459007
577.305	0.493188
577.556	0.498071
577.808	0.478539
578.06	0.51272
578.312	0.52737
578.563	0.498071
578.815	0.498071
579.067	0.51272
579.319	0.498071
579.57	0.493188
579.822	0.473656
580.074	0.459007
580.326	0.46389
580.577	0.478539
580.829	0.537136
581.081	0.493188
581.333	0.478539
581.584	0.498071
581.836	0.478539
582.088	0.51272
582.34	0.493188
582.592	0.493188
582.843	0.483422
583.095	0.502954
583.347	0.46389
583.599	0.493188
583.85	0.454124
584.102	0.468773
584.354	0.488305
584.606	0.473656
584.857	0.473656
585.109	0.468773
585.361	0.488305
585.613	0.498071
585.864	0.459007
586.116	0.522486
586.368	0.473656
586.62	0.419942
586.871	0.51272
587.123	0.478539
587.375	0.478539
587.627	0.522486
587.878	0.488305
588.13	0.483422
588.382	0.46389
588.634	0.473656
588.886	0.498071
589.137	0.459007
589.389	0.449241
589.641	0.483422
589.893	0.507837
590.144	0.468773
590.396	0.473656
590.648	0.498071
590.9	0.483422
591.151	0.478539
591.403	0.493188
591.655	0.434592
591.907	0.483422
592.158	0.468773
592.41	0.419942
592.662	0.502954
592.914	0.449241
593.165	0.46389
593.417	0.429708
593.669	0.434592
593.921	0.488305
594.172	0.542019
594.424	0.473656
594.676	0.498071
594.928	0.493188
595.18	0.473656
595.431	0.502954
595.683	0.502954
595.935	0.493188
596.187	0.498071
596.438	0.488305
596.69	0.424825
596.942	0.478539
597.194	0.488305
597.445	0.46389
597.697	0.468773
597.949	0.468773
598.201	0.473656
598.452	0.449241
598.704	0.454124
598.956	0.429708
599.208	0.473656
599.459	0.488305
599.711	0.546902
599.963	0.488305
600.215	0.493188
600.466	0.405293
600.718	0.46389
600.97	0.473656
601.222	0.459007
601.474	0.459007
601.725	0.507837
601.977	0.473656
602.229	0.468773
602.481	0.473656
602.732	0.473656
602.984	0.444358
603.236	0.517603
603.488	0.478539
603.739	0.424825
603.991	0.507837
604.243	0.444358
604.495	0.478539
604.746	0.459007
604.998	0.459007
605.25	0.483422
605.502	0.454124
605.753	0.483422
606.005	0.415059
606.257	0.468773
606.509	0.46389
606.76	0.478539
607.012	0.46389
607.264	0.51272
607.516	0.502954
607.768	0.444358
608.019	0.459007
608.271	0.493188
608.523	0.449241
608.775	0.454124
609.026	0.424825
609.278	0.522486
609.53	0.46389
609.782	0.473656
610.033	0.46389
610.285	0.483422
610.537	0.449241
610.789	0.459007
611.04	0.46389
611.292	0.517603
611.544	0.429708
611.796	0.468773
612.047	0.488305
612.299	0.439475
612.551	0.459007
612.803	0.46389
613.054	0.473656
613.306	0.459007
613.558	0.478539
613.81	0.46389
614.062	0.46389
614.313	0.46389
614.565	0.522486
614.817	0.468773
615.069	0.488305
615.32	0.444358
615.572	0.498071
615.824	0.502954
616.076	0.434592
616.327	0.488305
616.579	0.473656
616.831	0.502954
617.083	0.459007
617.334	0.478539
617.586	0.473656
617.838	0.468773
618.09	0.454124
618.341	0.483422
618.593	0.483422
618.845	0.483422
619.097	0.502954
619.348	0.473656
619.6	0.454124
619.852	0.488305
620.104	0.522486
620.356	0.459007
620.607	0.507837
620.859	0.498071
621.111	0.454124
621.363	0.454124
621.614	0.459007
621.866	0.46389
622.118	0.439475
622.37	0.454124
622.621	0.502954
622.873	0.478539
623.125	0.473656
623.377	0.493188
623.628	0.459007
623.88	0.459007
624.132	0.473656
624.384	0.434592
624.635	0.429708
624.887	0.46389
625.139	0.46389
625.391	0.454124
625.642	0.483422
625.894	0.473656
626.146	0.439475
626.398	0.46389
626.65	0.419942
626.901	0.473656
627.153	0.46389
627.405	0.498071
627.657	0.46389
627.908	0.483422
628.16	0.473656
628.412	0.46389
628.664	0.449241
628.915	0.459007
629.167	0.473656
629.419	0.444358
629.671	0.454124
629.922	0.449241
630.174	0.478539
630.426	0.468773
630.678	0.488305
630.929	0.468773
631.181	0.429708
631.433	0.434592
631.685	0.473656
631.936	0.439475
632.188	0.488305
632.44	0.449241
632.692	0.434592
632.944	0.473656
633.195	0.468773
633.447	0.483422
633.699	0.46389
633.951	0.449241
634.202	0.468773
634.454	0.459007
634.706	0.449241
634.958	0.449241
635.209	0.459007
635.461	0.493188
635.713	0.483422
635.965	0.449241
636.216	0.444358
636.468	0.444358
636.72	0.473656
636.972	0.483422
637.223	0.459007
637.475	0.449241
637.727	0.415059
637.979	0.439475
638.23	0.439475
638.482	0.473656
638.734	0.444358
638.986	0.478539
639.238	0.488305
639.489	0.444358
639.741	0.46389
639.993	0.46389
640.245	0.483422
640.496	0.429708
640.748	0.454124
641	0.483422
641.252	0.46389
641.503	0.449241
641.755	0.419942
642.007	0.449241
642.259	0.449241
642.51	0.478539
642.762	0.419942
643.014	0.449241
643.266	0.468773
643.517	0.473656
643.769	0.46389
644.021	0.478539
644.273	0.459007
644.524	0.478539
644.776	0.429708
645.028	0.493188
645.28	0.478539
645.532	0.473656
645.783	0.429708
646.035	0.493188
646.287	0.459007
646.539	0.459007
646.79	0.449241
647.042	0.46389
647.294	0.473656
647.546	0.478539
647.797	0.459007
648.049	0.473656
648.301	0.483422
648.553	0.46389
648.804	0.454124
649.056	0.478539
649.308	0.444358
649.56	0.449241
649.811	0.434592
650.063	0.390644
650.315	0.478539
650.567	0.439475
650.818	0.439475
651.07	0.46389
651.322	0.449241
651.574	0.459007
651.826	0.454124
652.077	0.473656
652.329	0.478539
652.581	0.473656
652.833	0.424825
653.084	0.424825
653.336	0.454124
653.588	0.46389
653.84	0.449241
654.091	0.444358
654.343	0.46389
654.595	0.419942
654.847	0.454124
655.098	0.473656
655.35	0.46389
655.602	0.454124
655.854	0.429708
656.105	0.478539
656.357	0.444358
656.609	0.488305
656.861	0.473656
657.112	0.444358
657.364	0.468773
657.616	0.488305
657.868	0.459007
658.12	0.46389
658.371	0.410176
658.623	0.444358
658.875	0.468773
659.127	0.429708
659.378	0.434592
659.63	0.454124
659.882	0.454124
660.134	0.419942
660.385	0.478539
660.637	0.419942
660.889	0.468773
661.141	0.454124
661.392	0.473656
661.644	0.46389
661.896	0.46389
662.148	0.434592
662.399	0.439475
662.651	0.419942
662.903	0.444358
663.155	0.502954
663.406	0.419942
663.658	0.410176
663.91	0.429708
664.162	0.478539
664.414	0.444358
664.665	0.449241
664.917	0.405293
665.169	0.449241
665.421	0.439475
665.672	0.449241
665.924	0.46389
666.176	0.439475
666.428	0.473656
666.679	0.444358
666.931	0.478539
667.183	0.468773
667.435	0.498071
667.686	0.419942
667.938	0.449241
668.19	0.424825
668.442	0.434592
668.693	0.434592
668.945	0.454124
669.197	0.459007
669.449	0.454124
669.7	0.444358
669.952	0.483422
670.204	0.434592
670.456	0.478539
670.708	0.434592
670.959	0.468773
671.211	0.478539
671.463	0.473656
671.715	0.449241
671.966	0.459007
672.218	0.434592
672.47	0.434592
672.722	0.454124
672.973	0.449241
673.225	0.46389
673.477	0.444358
673.729	0.439475
673.98	0.449241
674.232	0.395527
674.484	0.454124
674.736	0.493188
674.987	0.449241
675.239	0.424825
675.491	0.473656
675.743	0.429708
675.994	0.419942
676.246	0.439475
676.498	0.449241
676.75	0.40041
677.002	0.444358
677.253	0.40041
677.505	0.385761
677.757	0.46389
678.009	0.454124
678.26	0.415059
678.512	0.473656
678.764	0.449241
679.016	0.439475
679.267	0.46389
679.519	0.40041
679.771	0.395527
680.023	0.444358
680.274	0.468773
680.526	0.405293
680.778	0.429708
681.03	0.434592
681.281	0.439475
681.533	0.46389
681.785	0.46389
682.037	0.439475
682.288	0.439475
682.54	0.429708
682.792	0.434592
683.044	0.46389
683.296	0.454124
683.547	0.375995
683.799	0.444358
684.051	0.424825
684.303	0.434592
684.554	0.468773
684.806	0.40041
685.058	0.40041
685.31	0.424825
685.561	0.454124
685.813	0.410176
686.065	0.444358
686.317	0.444358
686.568	0.439475
686.82	0.468773
687.072	0.444358
687.324	0.415059
687.575	0.468773
687.827	0.434592
688.079	0.449241
688.331	0.449241
688.582	0.459007
688.834	0.488305
689.086	0.424825
689.338	0.468773
689.59	0.424825
689.841	0.459007
690.093	0.40041
690.345	0.444358
690.597	0.405293
690.848	0.444358
691.1	0.459007
691.352	0.434592
691.604	0.449241
691.855	0.424825
692.107	0.444358
692.359	0.439475
692.611	0.415059
692.862	0.419942
693.114	0.454124
693.366	0.473656
693.618	0.459007
693.869	0.439475
694.121	0.419942
694.373	0.419942
694.625	0.405293
694.876	0.419942
695.128	0.434592
695.38	0.478539
695.632	0.459007
695.884	0.454124
696.135	0.46389
696.387	0.459007
696.639	0.449241
696.891	0.415059
697.142	0.439475
697.394	0.419942
697.646	0.380878
697.898	0.424825
698.149	0.415059
698.401	0.444358
698.653	0.40041
698.905	0.410176
699.156	0.454124
699.408	0.410176
699.66	0.429708
699.912	0.439475
700.163	0.439475
700.415	0.449241
700.667	0.415059
700.919	0.483422
701.17	0.405293
701.422	0.429708
701.674	0.46389
701.926	0.415059
702.178	0.46389
702.429	0.410176
702.681	0.454124
702.933	0.444358
703.185	0.415059
703.436	0.424825
703.688	0.459007
703.94	0.439475
704.192	0.444358
704.443	0.439475
704.695	0.449241
704.947	0.419942
705.199	0.434592
705.45	0.449241
705.702	0.424825
705.954	0.424825
706.206	0.454124
706.457	0.419942
706.709	0.444358
706.961	0.454124
707.213	0.468773
707.464	0.385761
707.716	0.444358
707.968	0.415059
708.22	0.405293
708.472	0.444358
708.723	0.434592
708.975	0.419942
709.227	0.459007
709.479	0.405293
709.73	0.429708
709.982	0.415059
710.234	0.454124
710.486	0.449241
710.737	0.449241
710.989	0.429708
711.241	0.449241
711.493	0.395527
711.744	0.410176
711.996	0.459007
712.248	0.429708
712.5	0.419942
712.751	0.444358
713.003	0.483422
713.255	0.410176
713.507	0.46389
713.758	0.424825
714.01	0.483422
714.262	0.454124
714.514	0.444358
714.766	0.444358
715.017	0.385761
715.269	0.40041
715.521	0.424825
715.773	0.415059
716.024	0.468773
716.276	0.473656
716.528	0.459007
716.78	0.454124
717.031	0.46389
717.283	0.410176
717.535	0.444358
717.787	0.419942
718.038	0.439475
718.29	0.444358
718.542	0.40041
718.794	0.444358
719.045	0.410176
719.297	0.410176
719.549	0.419942
719.801	0.449241
720.052	0.434592
720.304	0.424825
720.556	0.439475
720.808	0.419942
721.06	0.434592
721.311	0.46389
721.563	0.444358
721.815	0.424825
722.067	0.439475
722.318	0.410176
722.57	0.434592
722.822	0.371112
723.074	0.46389
723.325	0.380878
723.577	0.454124
723.829	0.429708
724.081	0.424825
724.332	0.419942
724.584	0.410176
724.836	0.478539
725.088	0.415059
725.339	0.449241
725.591	0.429708
725.843	0.424825
726.095	0.449241
726.346	0.439475
726.598	0.405293
726.85	0.405293
727.102	0.424825
727.354	0.454124
727.605	0.410176
727.857	0.419942
728.109	0.375995
728.361	0.371112
728.612	0.468773
728.864	0.449241
729.116	0.444358
729.368	0.434592
729.619	0.429708
729.871	0.449241
730.123	0.444358
730.375	0.375995
730.626	0.375995
730.878	0.459007
731.13	0.395527
731.382	0.419942
731.633	0.429708
731.885	0.434592
732.137	0.419942
732.389	0.40041
732.64	0.449241
732.892	0.454124
733.144	0.405293
733.396	0.454124
733.648	0.478539
733.899	0.429708
734.151	0.439475
734.403	0.434592
734.655	0.405293
734.906	0.449241
735.158	0.419942
735.41	0.385761
735.662	0.429708
735.913	0.395527
736.165	0.454124
736.417	0.390644
736.669	0.415059
736.92	0.410176
737.172	0.439475
737.424	0.40041
737.676	0.429708
737.927	0.40041
738.179	0.415059
738.431	0.434592
738.683	0.415059
738.934	0.419942
739.186	0.40041
739.438	0.415059
739.69	0.410176
739.942	0.410176
740.193	0.415059
740.445	0.385761
740.697	0.419942
740.949	0.449241
741.2	0.405293
741.452	0.434592
741.704	0.35158
741.956	0.410176
742.207	0.444358
742.459	0.454124
742.711	0.405293
742.963	0.454124
743.214	0.405293
743.466	0.410176
743.718	0.415059
743.97	0.429708
744.221	0.439475
744.473	0.415059
744.725	0.429708
744.977	0.415059
745.228	0.429708
745.48	0.444358
745.732	0.424825
745.984	0.439475
746.236	0.459007
746.487	0.390644
746.739	0.419942
746.991	0.415059
747.243	0.415059
747.494	0.415059
747.746	0.390644
747.998	0.419942
748.25	0.415059
748.501	0.419942
748.753	0.40041
749.005	0.419942
749.257	0.405293
749.508	0.385761
749.76	0.395527
750.012	0.405293
750.264	0.405293
750.515	0.419942
750.767	0.415059
751.019	0.444358
751.271	0.40041
751.522	0.419942
751.774	0.415059
752.026	0.395527
752.278	0.424825
752.53	0.415059
752.781	0.395527
753.033	0.375995
753.285	0.429708
753.537	0.40041
753.788	0.40041
754.04	0.434592
754.292	0.449241
754.544	0.371112
754.795	0.434592
755.047	0.434592
755.299	0.459007
