------------------------

T2 Curve Fit Results
04.07.2019 16:48
------------------------

------------------------
Pulse Separ.  : 0.100 ms
Data Points   : 6000
Dummy Echoes  : 0
Expon. Order  : 1
Modifications : 0
Storing Data  : 0
------------------------



------------------------
SampleId: '1'
------------------------
Amplitude  :     45.3  %
         +/-      0.1  %
T2         :     99.5 ms
         +/-      0.4 ms
Offset     :     0.14  %
         +/-     0.02  %
------------------------

Bruker BioSpin GmbH: the minispec
DataType=1
DataLimits=0.27024,1509.14,6000
DataUnit=ms,%
c:\users\bruker\documents\joao_ambrozetto\cpmg-amostragf\amostragf_cpmg.app
04.07.2019 16:53:38

0.27024	76.366
0.52176	73.3092
0.77328	71.9566
1.0248	69.2026
1.27632	68.1137
1.52784	65.5843
1.77936	64.6955
2.03088	62.4005
2.2824	61.6681
2.53392	59.5683
2.78544	58.958
3.03696	57.0438
3.28848	56.5653
3.54	54.8074
3.79152	54.3923
4.04304	52.8053
4.29456	52.4635
4.54608	51.0279
4.7976	50.7349
5.04912	49.4262
5.30064	49.1772
5.55216	47.9857
5.80368	47.7562
6.0552	46.6966
6.30672	46.4818
6.55824	45.554
6.80976	45.3391
7.06128	44.4944
7.3128	44.2795
7.56432	43.5617
7.81584	43.3371
8.06736	42.7072
8.31888	42.4777
8.5704	41.921
8.82192	41.6866
9.07344	41.2129
9.32496	40.9541
9.57648	40.5537
9.828	40.2901
10.0795	39.9629
10.331	39.665
10.5826	39.4111
10.8341	39.1084
11.0856	38.9033
11.3371	38.581
11.5886	38.4345
11.8402	38.0927
12.0917	38.0048
12.3432	37.6532
12.5947	37.6093
12.8462	37.2333
13.0978	37.2381
13.3493	36.8524
13.6008	36.8817
13.8523	36.5008
14.1038	36.5448
14.3554	36.1492
14.6069	36.2225
14.8584	35.8514
15.1099	35.9344
15.3614	35.5584
15.613	35.6609
15.8645	35.2849
16.116	35.3924
16.3675	35.031
16.619	35.1531
16.8706	34.782
17.1221	34.8943
17.3736	34.5574
17.6251	34.6745
17.8766	34.3278
18.1282	34.4548
18.3797	34.1228
18.6312	34.2351
18.8827	33.9323
19.1342	34.0251
19.3858	33.7468
19.6373	33.8249
19.8888	33.5661
20.1403	33.6345
20.3918	33.3854
20.6434	33.4342
20.8949	33.2194
21.1464	33.2585
21.3979	33.0534
21.6494	33.0778
21.901	32.8971
22.1525	32.8873
22.404	32.736
22.6555	32.7164
22.907	32.5846
23.1586	32.5455
23.4101	32.4235
23.6616	32.3697
23.9131	32.2721
24.1646	32.2037
24.4162	32.1207
24.6677	32.0475
24.9192	31.984
25.1707	31.901
25.4222	31.818
25.6738	31.7447
25.9253	31.6861
26.1768	31.5885
26.4283	31.5494
26.6798	31.4322
26.9314	31.3834
27.1829	31.2759
27.4344	31.2662
27.6859	31.1343
27.9374	31.1197
28.189	30.9781
28.4405	30.9732
28.692	30.8413
28.9435	30.8365
29.195	30.6949
29.4466	30.6949
29.6981	30.5679
29.9496	30.563
30.2011	30.4361
30.4526	30.4214
30.7042	30.2896
30.9557	30.2749
31.2072	30.1626
31.4587	30.1382
31.7102	30.0259
31.9618	30.0063
32.2133	29.9038
32.4648	29.8745
32.7163	29.772
32.9678	29.7329
33.2194	29.645
33.4709	29.6108
33.7224	29.5132
33.9739	29.4741
34.2254	29.3862
34.477	29.3374
34.7285	29.269
34.98	29.2202
35.2315	29.1225
35.483	29.0883
35.7346	29.0053
35.9861	28.9516
36.2376	28.8735
36.4891	28.8295
36.7406	28.7661
36.9922	28.6879
37.2437	28.6342
37.4952	28.5658
37.7467	28.5073
37.9982	28.4389
38.2498	28.3901
38.5013	28.3168
38.7528	28.2631
39.0043	28.185
39.2558	28.1313
39.5074	28.0629
39.7589	28.0092
40.0104	27.9457
40.2619	27.8969
40.5134	27.8187
40.765	27.765
41.0165	27.7064
41.268	27.6576
41.5195	27.5844
41.771	27.5306
42.0226	27.4574
42.2741	27.4086
42.5256	27.3353
42.7771	27.2963
43.0286	27.223
43.2802	27.1693
43.5317	27.1058
43.7832	27.0472
44.0347	26.9935
44.2862	26.9398
44.5378	26.8812
44.7893	26.8128
45.0408	26.7494
45.2923	26.6908
45.5438	26.6517
45.7954	26.598
46.0469	26.5345
46.2984	26.4613
46.5499	26.4124
46.8014	26.3441
47.053	26.2952
47.3045	26.2415
47.556	26.1829
47.8075	26.1243
48.059	26.0608
48.3106	25.9974
48.5621	25.9485
48.8136	25.8997
49.0651	25.846
49.3166	25.7874
49.5682	25.7386
49.8197	25.6702
50.0712	25.6165
50.3227	25.5628
50.5742	25.5042
50.8258	25.4407
51.0773	25.3919
51.3288	25.3382
51.5803	25.2844
51.8318	25.2258
52.0834	25.177
52.3349	25.1135
52.5864	25.0598
52.8379	25.0061
53.0894	24.9573
53.341	24.8987
53.5925	24.845
53.844	24.7864
54.0955	24.7375
54.347	24.6789
54.5986	24.6252
54.8501	24.5617
55.1016	24.5324
55.3531	24.469
55.6046	24.4153
55.8562	24.3518
56.1077	24.3078
56.3592	24.259
56.6107	24.2053
56.8622	24.1565
57.1138	24.093
57.3653	24.0539
57.6168	23.9953
57.8683	23.9367
58.1198	23.8781
58.3714	23.8342
58.6229	23.7853
58.8744	23.7414
59.1259	23.6828
59.3774	23.6291
59.629	23.5705
59.8805	23.5265
60.132	23.4777
60.3835	23.4289
60.635	23.3752
60.8866	23.3361
61.1381	23.2629
61.3896	23.2238
61.6411	23.1603
61.8926	23.1164
62.1442	23.0724
62.3957	23.0187
62.6472	22.9748
62.8987	22.9259
63.1502	22.882
63.4018	22.8283
63.6533	22.7745
63.9048	22.7306
64.1563	22.672
64.4078	22.6329
64.6594	22.5792
64.9109	22.5206
65.1624	22.4718
65.4139	22.4376
65.6654	22.379
65.917	22.3253
66.1685	22.2765
66.42	22.2374
66.6715	22.1886
66.923	22.1398
67.1746	22.0909
67.4261	22.047
67.6776	21.9884
67.9291	21.9444
68.1806	21.9005
68.4322	21.8419
68.6837	21.8077
68.9352	21.7491
69.1867	21.7003
69.4382	21.6612
69.6898	21.6124
69.9413	21.5636
70.1928	21.5147
70.4443	21.461
70.6958	21.4317
70.9474	21.3878
71.1989	21.3389
71.4504	21.2852
71.7019	21.2315
71.9534	21.1876
72.205	21.1485
72.4565	21.1045
72.708	21.0557
72.9595	21.0167
73.211	20.9629
73.4626	20.9141
73.7141	20.8799
73.9656	20.8164
74.2171	20.7871
74.4686	20.7334
74.7202	20.6846
74.9717	20.6358
75.2232	20.6016
75.4747	20.5479
75.7262	20.5137
75.9778	20.4551
76.2293	20.4258
76.4808	20.3819
76.7323	20.3233
76.9838	20.2891
77.2354	20.25
77.4869	20.2012
77.7384	20.167
77.9899	20.1035
78.2414	20.0645
78.493	20.0156
78.7445	19.9717
78.996	19.9424
79.2475	19.9033
79.499	19.8496
79.7506	19.8154
80.0021	19.7617
80.2536	19.7324
80.5051	19.6836
80.7566	19.625
81.0082	19.5908
81.2597	19.5469
81.5112	19.5029
81.7627	19.4736
82.0142	19.415
82.2658	19.3759
82.5173	19.3271
82.7688	19.2929
83.0203	19.249
83.2718	19.2099
83.5234	19.166
83.7749	19.1367
84.0264	19.0781
84.2779	19.039
84.5294	19
84.781	18.956
85.0325	18.9169
85.284	18.8779
85.5355	18.8437
85.787	18.7949
86.0386	18.7607
86.2901	18.7216
86.5416	18.6826
86.7931	18.6337
87.0446	18.5947
87.2962	18.5654
87.5477	18.5165
87.7992	18.4726
88.0507	18.4286
88.3022	18.3896
88.5538	18.3505
88.8053	18.3114
89.0568	18.2724
89.3083	18.2333
89.5598	18.1796
89.8114	18.1405
90.0629	18.1112
90.3144	18.0722
90.5659	18.0331
90.8174	17.994
91.069	17.9501
91.3205	17.9061
91.572	17.8671
91.8235	17.8378
92.075	17.789
92.3266	17.7499
92.5781	17.7206
92.8296	17.6766
93.0811	17.6278
93.3326	17.6034
93.5842	17.5595
93.8357	17.5302
94.0872	17.4862
94.3387	17.4423
94.5902	17.413
94.8418	17.369
95.0933	17.3446
95.3448	17.3006
95.5963	17.2616
95.8478	17.2176
96.0994	17.1883
96.3509	17.1444
96.6024	17.1053
96.8539	17.076
97.1054	17.0418
97.357	16.9979
97.6085	16.9491
97.86	16.9198
98.1115	16.8954
98.363	16.8563
98.6146	16.8123
98.8661	16.7733
99.1176	16.744
99.3691	16.7049
99.6206	16.6659
99.8722	16.6268
100.124	16.5828
100.375	16.5535
100.627	16.5242
100.878	16.4949
101.13	16.4559
101.381	16.4119
101.633	16.3729
101.884	16.3387
102.136	16.3045
102.387	16.2752
102.639	16.241
102.89	16.202
103.142	16.1727
103.393	16.1287
103.645	16.0945
103.896	16.0604
104.148	16.0262
104.4	15.9822
104.651	15.948
104.903	15.9187
105.154	15.8797
105.406	15.8455
105.657	15.8162
105.909	15.7869
106.16	15.7527
106.412	15.7088
106.663	15.6746
106.915	15.6404
107.166	15.6209
107.418	15.572
107.669	15.5476
107.921	15.5086
108.172	15.4793
108.424	15.4304
108.675	15.4109
108.927	15.3816
109.178	15.3377
109.43	15.3181
109.681	15.2693
109.933	15.24
110.184	15.2156
110.436	15.1765
110.688	15.1472
110.939	15.1082
111.191	15.074
111.442	15.0398
111.694	15.0251
111.945	14.9812
112.197	14.947
112.448	14.9128
112.7	14.8835
112.951	14.8591
113.203	14.8103
113.454	14.781
113.706	14.7566
113.957	14.7273
114.209	14.6736
114.46	14.654
114.712	14.6296
114.963	14.5954
115.215	14.5613
115.466	14.5271
115.718	14.4929
115.969	14.4685
116.221	14.4343
116.472	14.4001
116.724	14.3806
116.976	14.3171
117.227	14.2878
117.479	14.2829
117.73	14.2439
117.982	14.2194
118.233	14.1853
118.485	14.156
118.736	14.1364
118.988	14.0925
119.239	14.0632
119.491	14.0192
119.742	13.9948
119.994	13.9655
120.245	13.9411
120.497	13.9069
120.748	13.8874
121	13.8483
121.251	13.8093
121.503	13.7849
121.754	13.7507
122.006	13.7311
122.257	13.7018
122.509	13.6725
122.76	13.6335
123.012	13.6139
123.264	13.5798
123.515	13.5407
123.767	13.5163
124.018	13.5016
124.27	13.4528
124.521	13.4333
124.773	13.3991
125.024	13.3649
125.276	13.3503
125.527	13.3161
125.779	13.2819
126.03	13.2575
126.282	13.238
126.533	13.194
126.785	13.1647
127.036	13.1403
127.288	13.1061
127.539	13.0866
127.791	13.0524
128.042	13.0231
128.294	12.9938
128.545	12.9743
128.797	12.945
129.048	12.9059
129.3	12.8766
129.552	12.8571
129.803	12.8327
130.055	12.8034
130.306	12.7838
130.558	12.7399
130.809	12.7106
131.061	12.6813
131.312	12.6666
131.564	12.6373
131.815	12.6129
132.067	12.5739
132.318	12.5641
132.57	12.5397
132.821	12.5055
133.073	12.4615
133.324	12.442
133.576	12.4176
133.827	12.3785
134.079	12.3639
134.33	12.3248
134.582	12.3151
134.833	12.2906
135.085	12.2565
135.336	12.232
135.588	12.2027
135.84	12.1686
136.091	12.1344
136.343	12.1197
136.594	12.1002
136.846	12.0709
137.097	12.0465
137.349	12.0172
137.6	11.9879
137.852	11.9635
138.103	11.9391
138.355	11.9195
138.606	11.8805
138.858	11.8707
139.109	11.8267
139.361	11.817
139.612	11.7877
139.864	11.7584
140.115	11.7242
140.367	11.6998
140.618	11.6754
140.87	11.6412
141.121	11.6265
141.373	11.6021
141.624	11.5777
141.876	11.5533
142.128	11.5338
142.379	11.4996
142.631	11.4654
142.882	11.4459
143.134	11.4312
143.385	11.4068
143.637	11.3775
143.888	11.3482
144.14	11.3238
144.391	11.2945
144.643	11.2798
144.894	11.2505
145.146	11.231
145.397	11.2017
145.649	11.1773
145.9	11.1431
146.152	11.1285
146.403	11.1089
146.655	11.0845
146.906	11.0699
147.158	11.0259
147.409	11.0064
147.661	10.9869
147.912	10.9624
148.164	10.9478
148.416	10.9087
148.667	10.8843
148.919	10.8746
149.17	10.8404
149.422	10.8208
149.673	10.7867
149.925	10.7769
150.176	10.7476
150.428	10.7329
150.679	10.7036
150.931	10.6841
151.182	10.6597
151.434	10.6451
151.685	10.606
151.937	10.5816
152.188	10.5767
152.44	10.5425
152.691	10.5132
152.943	10.4888
153.194	10.4741
153.446	10.44
153.697	10.4302
153.949	10.4009
154.2	10.3716
154.452	10.3618
154.704	10.3228
154.955	10.313
155.207	10.2935
155.458	10.2691
155.71	10.2495
155.961	10.2251
156.213	10.2056
156.464	10.1763
156.716	10.1567
156.967	10.147
157.219	10.103
157.47	10.0884
157.722	10.064
157.973	10.0493
158.225	10.0298
158.476	10.0054
158.728	9.98584
158.979	9.94677
159.231	9.94189
159.482	9.90771
159.734	9.89794
159.985	9.87353
160.237	9.84911
160.488	9.83446
160.74	9.81493
160.992	9.78563
161.243	9.7661
161.495	9.75145
161.746	9.71727
161.998	9.69286
162.249	9.67332
162.501	9.65379
162.752	9.63426
163.004	9.61961
163.255	9.5952
163.507	9.57078
163.758	9.54636
164.01	9.5366
164.261	9.51218
164.513	9.48288
164.764	9.46824
165.016	9.45359
165.267	9.42917
165.519	9.39987
165.77	9.39011
166.022	9.36569
166.273	9.33639
166.525	9.31686
166.776	9.3071
167.028	9.28268
167.28	9.25826
167.531	9.24362
167.783	9.23385
168.034	9.20455
168.286	9.18502
168.537	9.16549
168.789	9.15084
169.04	9.12154
169.292	9.10201
169.543	9.07759
169.795	9.06783
170.046	9.04829
170.298	9.02388
170.549	8.99458
170.801	8.99946
171.052	8.9604
171.304	8.94575
171.555	8.92133
171.807	8.90668
172.058	8.89204
172.31	8.86762
172.561	8.86274
172.813	8.82367
173.064	8.81879
173.316	8.79437
173.568	8.77484
173.819	8.74066
174.071	8.7309
174.322	8.71136
174.574	8.69183
174.825	8.67718
175.077	8.66253
175.328	8.63323
175.58	8.62347
175.831	8.59905
176.083	8.57952
176.334	8.56975
176.586	8.53557
176.837	8.53069
177.089	8.50139
177.34	8.49163
177.592	8.47209
177.843	8.44768
178.095	8.4428
178.346	8.41838
178.598	8.39396
178.849	8.36955
179.101	8.35978
179.352	8.34513
179.604	8.33537
179.856	8.30607
180.107	8.27677
180.359	8.26701
180.61	8.23282
180.862	8.24259
181.113	8.20353
181.365	8.19864
181.616	8.18888
181.868	8.15958
182.119	8.14493
182.371	8.1254
182.622	8.11563
182.874	8.08633
183.125	8.0668
183.377	8.06192
183.628	8.03262
183.88	8.02285
184.131	8.01309
184.383	7.99355
184.634	7.95937
184.886	7.95449
185.137	7.93007
185.389	7.91054
185.64	7.89589
185.892	7.89101
186.144	7.86171
186.395	7.84706
186.647	7.84218
186.898	7.81776
187.15	7.79823
187.401	7.78847
187.653	7.75917
187.904	7.75428
188.156	7.72987
188.407	7.70545
188.659	7.70057
188.91	7.68592
189.162	7.66151
189.413	7.64686
189.665	7.63221
189.916	7.61756
190.168	7.58338
190.419	7.5785
190.671	7.5492
190.922	7.55896
191.174	7.52966
191.425	7.51013
191.677	7.50037
191.928	7.48083
192.18	7.46618
192.432	7.44177
192.683	7.42712
192.935	7.41735
193.186	7.40271
193.438	7.38806
193.689	7.37829
193.941	7.34899
194.192	7.32946
194.444	7.31969
194.695	7.29528
194.947	7.29528
195.198	7.27086
195.45	7.2611
195.701	7.23668
195.953	7.2318
196.204	7.2025
196.456	7.18785
196.707	7.17808
196.959	7.16344
197.21	7.1439
197.462	7.12437
197.713	7.10972
197.965	7.10484
198.216	7.09019
198.468	7.07066
198.72	7.05113
198.971	7.04136
199.223	7.02671
199.474	7.01694
199.726	7.0023
199.977	6.98276
200.229	6.96323
200.48	6.93882
200.732	6.92417
200.983	6.90952
201.235	6.89487
201.486	6.8851
201.738	6.86069
201.989	6.85092
202.241	6.83627
202.492	6.82162
202.744	6.80697
202.995	6.79721
203.247	6.77767
203.498	6.76303
203.75	6.75326
204.001	6.74349
204.253	6.71908
204.504	6.70443
204.756	6.69466
205.008	6.67025
205.259	6.67025
205.511	6.65072
205.762	6.63607
206.014	6.61653
206.265	6.60188
206.517	6.597
206.768	6.58235
207.02	6.5677
207.271	6.54329
207.523	6.53352
207.774	6.51399
208.026	6.51399
208.277	6.48469
208.529	6.47004
208.78	6.46028
209.032	6.46028
209.283	6.4261
209.535	6.42121
209.786	6.41145
210.038	6.3968
210.289	6.37726
210.541	6.35773
210.792	6.34797
211.044	6.3382
211.296	6.32355
211.547	6.3089
211.799	6.29425
212.05	6.28449
212.302	6.26495
212.553	6.25031
212.805	6.23566
213.056	6.23077
213.308	6.21124
213.559	6.20636
213.811	6.17706
214.062	6.17218
214.314	6.15264
214.565	6.14288
214.817	6.12823
215.068	6.11358
215.32	6.11358
215.571	6.08428
215.823	6.0794
216.074	6.06475
216.326	6.05987
216.577	6.03545
216.829	6.02568
217.08	6.01592
217.332	5.99639
217.584	5.98174
217.835	5.97197
218.087	5.94756
218.338	5.94756
218.59	5.94267
218.841	5.93291
219.093	5.90361
219.344	5.89873
219.596	5.88408
219.847	5.87431
220.099	5.85478
220.35	5.84501
220.602	5.83036
220.853	5.8206
221.105	5.80106
221.356	5.80106
221.608	5.78153
221.859	5.77177
222.111	5.74247
222.362	5.7327
222.614	5.72294
222.865	5.71805
223.117	5.7034
223.368	5.69364
223.62	5.67411
223.872	5.66434
224.123	5.65457
224.375	5.63992
224.626	5.63016
224.878	5.62039
225.129	5.60086
225.381	5.60086
225.632	5.58133
225.884	5.56668
226.135	5.55691
226.387	5.55203
226.638	5.53738
226.89	5.52273
227.141	5.51785
227.393	5.5032
227.644	5.48855
227.896	5.4739
228.147	5.46902
228.399	5.44948
228.65	5.4446
228.902	5.42995
229.153	5.42507
229.405	5.40554
229.656	5.38601
229.908	5.38112
230.16	5.37136
230.411	5.35182
230.663	5.35182
230.914	5.33717
231.166	5.32253
231.417	5.30299
231.669	5.30299
231.92	5.28834
232.172	5.2737
232.423	5.26881
232.675	5.25416
232.926	5.23463
233.178	5.22486
233.429	5.2151
233.681	5.22486
233.932	5.20533
234.184	5.18092
234.435	5.17603
234.687	5.16627
234.938	5.14674
235.19	5.14185
235.441	5.14185
235.693	5.12232
235.944	5.10767
236.196	5.09791
236.448	5.08326
236.699	5.07349
236.951	5.06861
237.202	5.04907
237.454	5.03931
237.705	5.03931
237.957	5.01978
238.208	5.00513
238.46	5.00024
238.711	4.98559
238.963	4.97095
239.214	4.97095
239.466	4.96118
239.717	4.95141
239.969	4.93188
240.22	4.92212
240.472	4.91235
240.723	4.90747
240.975	4.90258
241.226	4.8977
241.478	4.8684
241.729	4.85864
241.981	4.85375
242.232	4.8391
242.484	4.8391
242.736	4.81957
242.987	4.80981
243.239	4.79027
243.49	4.78539
243.742	4.76586
243.993	4.76097
244.245	4.75121
244.496	4.74144
244.748	4.72191
244.999	4.72679
245.251	4.71214
245.502	4.69261
245.754	4.68285
246.005	4.68773
246.257	4.6682
246.508	4.65355
246.76	4.64866
247.011	4.64866
247.263	4.64378
247.514	4.61448
247.766	4.61937
248.017	4.59983
248.269	4.58518
248.52	4.5803
248.772	4.57054
249.024	4.56077
249.275	4.551
249.527	4.54612
249.778	4.53635
250.03	4.52659
250.281	4.51194
250.533	4.50217
250.784	4.48752
251.036	4.47287
251.287	4.47776
251.539	4.46311
251.79	4.45823
252.042	4.43869
252.293	4.42404
252.545	4.42893
252.796	4.40451
253.048	4.41428
253.299	4.39475
253.551	4.38498
253.802	4.36056
254.054	4.35568
254.305	4.3508
254.557	4.34592
254.808	4.33127
255.06	4.32638
255.312	4.3215
255.563	4.30197
255.815	4.30685
256.066	4.28732
256.318	4.27755
256.569	4.27267
256.821	4.27267
257.072	4.24337
257.324	4.24337
257.575	4.24337
257.827	4.22384
258.078	4.21896
258.33	4.20919
258.581	4.19454
258.833	4.18966
259.084	4.17501
259.336	4.18477
259.587	4.16524
259.839	4.16036
260.09	4.14083
260.342	4.14083
260.593	4.12618
260.845	4.11641
261.096	4.11153
261.348	4.09688
261.6	4.10176
261.851	4.09688
262.103	4.0627
262.354	4.0627
262.606	4.05782
262.857	4.04317
263.109	4.04805
263.36	4.02852
263.612	4.01387
263.863	4.01387
264.115	3.99434
264.366	3.98945
264.618	3.98457
264.869	3.9748
265.121	3.9748
265.372	3.96504
265.624	3.95527
265.875	3.95039
266.127	3.92597
266.378	3.92109
266.63	3.90156
266.881	3.90644
267.133	3.88691
267.384	3.88691
267.636	3.87714
267.888	3.87226
268.139	3.86249
268.391	3.85273
268.642	3.84784
268.894	3.82831
269.145	3.83319
269.397	3.82343
269.648	3.82343
269.9	3.80878
270.151	3.79901
270.403	3.78436
270.654	3.7746
270.906	3.78436
271.157	3.75507
271.409	3.75995
271.66	3.75507
271.912	3.73553
272.163	3.73065
272.415	3.716
272.666	3.70624
272.918	3.70624
273.169	3.69647
273.421	3.6867
273.672	3.68182
273.924	3.68182
274.176	3.66717
274.427	3.65252
274.679	3.65252
274.93	3.62811
275.182	3.62811
275.433	3.62811
275.685	3.61834
275.936	3.61834
276.188	3.59881
276.439	3.59881
276.691	3.57928
276.942	3.59393
277.194	3.57439
277.445	3.56463
277.697	3.55486
277.948	3.54509
278.2	3.53533
278.451	3.52556
278.703	3.53533
278.954	3.52068
279.206	3.50603
279.457	3.49626
279.709	3.49138
279.96	3.49138
280.212	3.48162
280.464	3.47185
280.715	3.46208
280.967	3.44255
281.218	3.45232
281.47	3.45232
281.721	3.42302
281.973	3.42302
282.224	3.41814
282.476	3.41325
282.727	3.40837
282.979	3.39372
283.23	3.3986
283.482	3.37907
283.733	3.36931
283.985	3.36931
284.236	3.35954
284.488	3.34489
284.739	3.35466
284.991	3.33512
285.242	3.33024
285.494	3.31559
285.745	3.31071
285.997	3.31559
286.248	3.30094
286.5	3.30094
286.752	3.28141
287.003	3.27164
287.255	3.26676
287.506	3.26188
287.758	3.26188
288.009	3.25699
288.261	3.24235
288.512	3.23258
288.764	3.23258
289.015	3.22281
289.267	3.21305
289.518	3.20816
289.77	3.20816
290.021	3.18375
290.273	3.19352
290.524	3.18863
290.776	3.17887
291.027	3.15933
291.279	3.15933
291.53	3.15445
291.782	3.1398
292.033	3.14957
292.285	3.13004
292.536	3.12027
292.788	3.11539
293.04	3.11539
293.291	3.10562
293.543	3.10074
293.794	3.09097
294.046	3.07632
294.297	3.07144
294.549	3.06656
294.8	3.05679
295.052	3.05679
295.303	3.05191
295.555	3.04702
295.806	3.03726
296.058	3.02749
296.309	3.01773
296.561	3.02261
296.812	3.00308
297.064	3.00308
297.315	2.99819
297.567	2.98843
297.818	2.98354
298.07	2.97378
298.321	2.97378
298.573	2.96889
298.824	2.96401
299.076	2.94936
299.328	2.94936
299.579	2.92983
299.831	2.92983
300.082	2.92495
300.334	2.91518
300.585	2.90542
300.837	2.90053
301.088	2.9103
301.34	2.89565
301.591	2.89077
301.843	2.87123
302.094	2.87123
302.346	2.86635
302.597	2.86147
302.849	2.8517
303.1	2.83705
303.352	2.8517
303.603	2.83217
303.855	2.83217
304.106	2.8224
304.358	2.82729
304.609	2.81752
304.861	2.81752
305.112	2.79799
305.364	2.78822
305.616	2.78822
305.867	2.78334
306.119	2.77357
306.37	2.77357
306.622	2.75892
306.873	2.76381
307.125	2.74427
307.376	2.73939
307.628	2.74427
307.879	2.73451
308.131	2.72474
308.382	2.71498
308.634	2.71498
308.885	2.70521
309.137	2.70521
309.388	2.69544
309.64	2.68568
309.891	2.69056
310.143	2.67591
310.394	2.67591
310.646	2.67103
310.897	2.65638
311.149	2.65638
311.4	2.6515
311.652	2.6515
311.904	2.64173
312.155	2.63196
312.407	2.6222
312.658	2.6222
312.91	2.60755
313.161	2.62708
313.413	2.60267
313.664	2.5929
313.916	2.5929
314.167	2.58802
314.419	2.58313
314.67	2.57337
314.922	2.5636
315.173	2.5636
315.425	2.5636
315.676	2.54895
315.928	2.53919
316.179	2.53919
316.431	2.5343
316.682	2.5343
316.934	2.52454
317.185	2.51477
317.437	2.51477
317.688	2.50989
317.94	2.50501
318.192	2.50012
318.443	2.47571
318.695	2.49036
318.946	2.48059
319.198	2.47571
319.449	2.48059
319.701	2.46594
319.952	2.45129
320.204	2.45617
320.455	2.45617
320.707	2.44153
320.958	2.43664
321.21	2.43176
321.461	2.43176
321.713	2.40246
321.964	2.42199
322.216	2.41711
322.467	2.41223
322.719	2.39269
322.97	2.39269
323.222	2.38293
323.473	2.38293
323.725	2.39269
323.976	2.37805
324.228	2.38293
324.48	2.3634
324.731	2.3634
324.983	2.34875
325.234	2.34875
325.486	2.34386
325.737	2.3341
325.989	2.32433
326.24	2.32433
326.492	2.32922
326.743	2.31945
326.995	2.30968
327.246	2.30968
327.498	2.29992
327.749	2.28527
328.001	2.3048
328.252	2.2755
328.504	2.29503
328.755	2.28038
329.007	2.27062
329.258	2.26085
329.51	2.26085
329.761	2.26085
330.013	2.2462
330.264	2.25597
330.516	2.23644
330.768	2.23644
331.019	2.23644
331.271	2.22667
331.522	2.22179
331.774	2.21202
332.025	2.20226
332.277	2.20714
332.528	2.20226
332.78	2.20226
333.031	2.19249
333.283	2.19737
333.534	2.19737
333.786	2.17296
334.037	2.18272
334.289	2.16807
334.54	2.17784
334.792	2.16807
335.043	2.15831
335.295	2.14854
335.546	2.14366
335.798	2.14854
336.049	2.12901
336.301	2.11924
336.552	2.12901
336.804	2.11436
337.056	2.11924
337.307	2.11436
337.559	2.11436
337.81	2.09971
338.062	2.09483
338.313	2.08506
338.565	2.09483
338.816	2.08995
339.068	2.09483
339.319	2.08018
339.571	2.07041
339.822	2.0753
340.074	2.06553
340.325	2.06065
340.577	2.06065
340.828	2.05576
341.08	2.05088
341.331	2.04112
341.583	2.03623
341.834	2.03623
342.086	2.02647
342.337	2.03135
342.589	2.0167
342.84	2.02158
343.092	2.01182
343.344	1.99717
343.595	1.99717
343.847	2.00205
344.098	2.00205
344.35	1.97764
344.601	1.9874
344.853	1.97275
345.104	1.98252
345.356	1.96299
345.607	1.9581
345.859	1.97275
346.11	1.96299
346.362	1.96299
346.613	1.96299
346.865	1.94345
347.116	1.94834
347.368	1.94834
347.619	1.94345
347.871	1.94345
348.122	1.92392
348.374	1.91416
348.625	1.90927
348.877	1.92392
349.128	1.90927
349.38	1.89462
349.632	1.90927
349.883	1.89462
350.135	1.88974
350.386	1.88486
350.638	1.88974
350.889	1.88974
351.141	1.87997
351.392	1.87509
351.644	1.86044
351.895	1.85556
352.147	1.85556
352.398	1.86044
352.65	1.85556
352.901	1.84579
353.153	1.84091
353.404	1.83603
353.656	1.84091
353.907	1.83603
354.159	1.83114
354.41	1.81649
354.662	1.81161
354.913	1.82138
355.165	1.81649
355.416	1.80673
355.668	1.80673
355.92	1.80673
356.171	1.79696
356.423	1.79208
356.674	1.79696
356.926	1.78231
357.177	1.78231
357.429	1.77255
357.68	1.77255
357.932	1.76766
358.183	1.77255
358.435	1.76766
358.686	1.75302
358.938	1.74813
359.189	1.74325
359.441	1.74325
359.692	1.74813
359.944	1.7286
360.195	1.72372
360.447	1.71883
360.698	1.72372
360.95	1.71883
361.201	1.71395
361.453	1.71395
361.704	1.70907
361.956	1.6993
362.208	1.70418
362.459	1.69442
362.711	1.69442
362.962	1.6993
363.214	1.68954
363.465	1.68954
363.717	1.67977
363.968	1.68465
364.22	1.67
364.471	1.67
364.723	1.67
364.974	1.67
365.226	1.66024
365.477	1.64559
365.729	1.65047
365.98	1.65047
366.232	1.64559
366.483	1.64071
366.735	1.63094
366.986	1.63582
367.238	1.64559
367.489	1.63094
367.741	1.63094
367.992	1.62117
368.244	1.61629
368.496	1.62606
368.747	1.61629
368.999	1.61141
369.25	1.60164
369.502	1.59676
369.753	1.60164
370.005	1.58699
370.256	1.59187
370.508	1.58699
370.759	1.57234
371.011	1.57723
371.262	1.57723
371.514	1.56746
371.765	1.56258
372.017	1.55281
372.268	1.55769
372.52	1.55281
372.771	1.55769
373.023	1.54793
373.274	1.54304
373.526	1.54304
373.777	1.54793
374.029	1.53328
374.28	1.53328
374.532	1.52351
374.784	1.53328
375.035	1.51375
375.287	1.52351
375.538	1.51863
375.79	1.50398
376.041	1.4991
376.293	1.50886
376.544	1.50398
376.796	1.50398
377.047	1.4991
377.299	1.4991
377.55	1.47956
377.802	1.4991
378.053	1.47956
378.305	1.48933
378.556	1.47468
378.808	1.47956
379.059	1.4698
379.311	1.47468
379.562	1.47468
379.814	1.46003
380.065	1.44538
380.317	1.44538
380.568	1.46003
380.82	1.44538
381.072	1.4405
381.323	1.44538
381.575	1.4405
381.826	1.42585
382.078	1.42585
382.329	1.42585
382.581	1.41608
382.832	1.42097
383.084	1.42585
383.335	1.4112
383.587	1.41608
383.838	1.40632
384.09	1.40632
384.341	1.40632
384.593	1.4112
384.844	1.38679
385.096	1.39655
385.347	1.39167
385.599	1.39655
385.85	1.38679
386.102	1.36725
386.353	1.37702
386.605	1.37702
386.856	1.37702
387.108	1.3819
387.36	1.37214
387.611	1.36725
387.863	1.36237
388.114	1.36237
388.366	1.36237
388.617	1.35261
388.869	1.34772
389.12	1.35261
389.372	1.33307
389.623	1.35261
389.875	1.33307
390.126	1.34284
390.378	1.33307
390.629	1.32331
390.881	1.32331
391.132	1.33307
391.384	1.31842
391.635	1.31842
391.887	1.32331
392.138	1.32819
392.39	1.30866
392.641	1.30377
392.893	1.31354
393.144	1.30377
393.396	1.29889
393.648	1.28913
393.899	1.28913
394.151	1.28424
394.402	1.28424
394.654	1.28913
394.905	1.28913
395.157	1.28424
395.408	1.27448
395.66	1.27448
395.911	1.26959
396.163	1.26471
396.414	1.25983
396.666	1.25494
396.917	1.25494
397.169	1.25494
397.42	1.24518
397.672	1.25006
397.923	1.24518
398.175	1.24029
398.426	1.24518
398.678	1.24029
398.929	1.24029
399.181	1.23541
399.432	1.22565
399.684	1.23541
399.936	1.23053
400.187	1.23053
400.439	1.23053
400.69	1.21588
400.942	1.21588
401.193	1.20611
401.445	1.211
401.696	1.20123
401.948	1.20611
402.199	1.19635
402.451	1.20123
402.702	1.1817
402.954	1.18658
403.205	1.20123
403.457	1.19635
403.708	1.18658
403.96	1.18658
404.211	1.1817
404.463	1.17682
404.714	1.17682
404.966	1.18658
405.217	1.16705
405.469	1.16705
405.72	1.16217
405.972	1.16705
406.224	1.1524
406.475	1.15728
406.727	1.1524
406.978	1.1524
407.23	1.1524
407.481	1.14263
407.733	1.13775
407.984	1.14752
408.236	1.13775
408.487	1.14263
408.739	1.14263
408.99	1.1231
409.242	1.13287
409.493	1.12798
409.745	1.12798
409.996	1.11334
410.248	1.12798
410.499	1.11822
410.751	1.1231
411.002	1.11334
411.254	1.11822
411.505	1.10357
411.757	1.11334
412.008	1.10357
412.26	1.11334
412.512	1.10845
412.763	1.08892
413.015	1.0938
413.266	1.08892
413.518	1.08892
413.769	1.08892
414.021	1.07915
414.272	1.07915
414.524	1.07915
414.775	1.07427
415.027	1.05962
415.278	1.05962
415.53	1.07427
415.781	1.05962
416.033	1.05962
416.284	1.05474
416.536	1.05962
416.787	1.06451
417.039	1.05962
417.29	1.05962
417.542	1.05474
417.793	1.04986
418.045	1.04009
418.296	1.04009
418.548	1.05474
418.8	1.04009
419.051	1.03521
419.303	1.03521
419.554	1.02056
419.806	1.03521
420.057	1.04009
420.309	1.03032
420.56	1.02056
420.812	1.02544
421.063	1.01567
421.315	1.02056
421.566	1.00591
421.818	1.01567
422.069	1.01567
422.321	1.00591
422.572	1.01079
422.824	0.996142
423.075	1.00103
423.327	1.00591
423.578	0.996142
423.83	0.991259
424.081	0.996142
424.333	0.996142
424.584	0.986376
424.836	0.991259
425.088	0.981493
425.339	0.986376
425.591	0.981493
425.842	0.97661
426.094	0.971727
426.345	0.981493
426.597	0.971727
426.848	0.961961
427.1	0.961961
427.351	0.961961
427.603	0.961961
427.854	0.966844
428.106	0.952195
428.357	0.947312
428.609	0.952195
428.86	0.952195
429.112	0.957078
429.363	0.952195
429.615	0.942429
429.866	0.942429
430.118	0.947312
430.369	0.947312
430.621	0.942429
430.872	0.942429
431.124	0.932663
431.376	0.937546
431.627	0.932663
431.879	0.92778
432.13	0.92778
432.382	0.92778
432.633	0.922897
432.885	0.918014
433.136	0.922897
433.388	0.922897
433.639	0.922897
433.891	0.918014
434.142	0.913131
434.394	0.913131
434.645	0.903364
434.897	0.908247
435.148	0.903364
435.4	0.893598
435.651	0.903364
435.903	0.898481
436.154	0.903364
436.406	0.893598
436.657	0.888715
436.909	0.893598
437.16	0.888715
437.412	0.874066
437.664	0.893598
437.915	0.878949
438.167	0.878949
438.418	0.888715
438.67	0.883832
438.921	0.869183
439.173	0.869183
439.424	0.869183
439.676	0.869183
439.927	0.8643
440.179	0.8643
440.43	0.8643
440.682	0.849651
440.933	0.854534
441.185	0.869183
441.436	0.859417
441.688	0.859417
441.939	0.849651
442.191	0.844768
442.442	0.849651
442.694	0.835002
442.945	0.849651
443.197	0.839885
443.448	0.839885
443.7	0.844768
443.952	0.839885
444.203	0.830119
444.455	0.839885
444.706	0.825236
444.958	0.825236
445.209	0.825236
445.461	0.825236
445.712	0.820353
445.964	0.820353
446.215	0.830119
446.467	0.820353
446.718	0.805703
446.97	0.820353
447.221	0.805703
447.473	0.820353
447.724	0.810586
447.976	0.810586
448.227	0.810586
448.479	0.805703
448.73	0.805703
448.982	0.795937
449.233	0.795937
449.485	0.805703
449.736	0.786171
449.988	0.80082
450.24	0.786171
450.491	0.791054
450.743	0.786171
450.994	0.786171
451.246	0.781288
451.497	0.786171
451.749	0.776405
452	0.776405
452.252	0.766639
452.503	0.766639
452.755	0.766639
453.006	0.771522
453.258	0.766639
453.509	0.771522
453.761	0.761756
454.012	0.771522
454.264	0.766639
454.515	0.761756
454.767	0.756873
455.018	0.761756
455.27	0.747107
455.521	0.747107
455.773	0.756873
456.024	0.756873
456.276	0.75199
456.528	0.747107
456.779	0.747107
457.031	0.737341
457.282	0.742224
457.534	0.742224
457.785	0.747107
458.037	0.742224
458.288	0.737341
458.54	0.737341
458.791	0.737341
459.043	0.742224
459.294	0.727575
459.546	0.727575
459.797	0.737341
460.049	0.722692
460.3	0.717808
460.552	0.742224
460.803	0.727575
461.055	0.717808
461.306	0.703159
461.558	0.712925
461.809	0.717808
462.061	0.708042
462.312	0.708042
462.564	0.717808
462.816	0.708042
463.067	0.712925
463.319	0.708042
463.57	0.698276
463.822	0.703159
464.073	0.693393
464.325	0.708042
464.576	0.68851
464.828	0.693393
465.079	0.703159
465.331	0.693393
465.582	0.693393
465.834	0.68851
466.085	0.683627
466.337	0.693393
466.588	0.68851
466.84	0.683627
467.091	0.673861
467.343	0.673861
467.594	0.678744
467.846	0.673861
468.097	0.668978
468.349	0.678744
468.6	0.668978
468.852	0.664095
469.104	0.668978
469.355	0.659212
469.607	0.668978
469.858	0.673861
470.11	0.659212
470.361	0.664095
470.613	0.668978
470.864	0.654329
471.116	0.654329
471.367	0.664095
471.619	0.659212
471.87	0.659212
472.122	0.654329
472.373	0.654329
472.625	0.649446
472.876	0.654329
473.128	0.649446
473.379	0.649446
473.631	0.63968
473.882	0.634797
474.134	0.644563
474.385	0.649446
474.637	0.644563
474.888	0.644563
475.14	0.634797
475.392	0.634797
475.643	0.625031
475.895	0.634797
476.146	0.634797
476.398	0.629914
476.649	0.625031
476.901	0.625031
477.152	0.625031
477.404	0.625031
477.655	0.634797
477.907	0.605498
478.158	0.615264
478.41	0.625031
478.661	0.620147
478.913	0.615264
479.164	0.610381
479.416	0.615264
479.667	0.605498
479.919	0.615264
480.17	0.615264
480.422	0.615264
480.673	0.600615
480.925	0.600615
481.176	0.600615
481.428	0.605498
481.68	0.600615
481.931	0.600615
482.183	0.595732
482.434	0.595732
482.686	0.600615
482.937	0.585966
483.189	0.585966
483.44	0.600615
483.692	0.595732
483.943	0.585966
484.195	0.585966
484.446	0.590849
484.698	0.585966
484.949	0.585966
485.201	0.581083
485.452	0.585966
485.704	0.5762
485.955	0.5762
486.207	0.5762
486.458	0.571317
486.71	0.5762
486.961	0.571317
487.213	0.5762
487.464	0.571317
487.716	0.5762
487.968	0.581083
488.219	0.561551
488.471	0.566434
488.722	0.566434
488.974	0.571317
489.225	0.561551
489.477	0.561551
489.728	0.566434
489.98	0.556668
490.231	0.556668
490.483	0.556668
490.734	0.561551
490.986	0.537136
491.237	0.542019
491.489	0.561551
491.74	0.556668
491.992	0.546902
492.243	0.546902
492.495	0.556668
492.746	0.546902
492.998	0.532253
493.249	0.556668
493.501	0.537136
493.752	0.542019
494.004	0.537136
494.256	0.537136
494.507	0.52737
494.759	0.537136
495.01	0.537136
495.262	0.52737
495.513	0.52737
495.765	0.532253
496.016	0.522486
496.268	0.522486
496.519	0.52737
496.771	0.522486
497.022	0.532253
497.274	0.522486
497.525	0.522486
497.777	0.52737
498.028	0.52737
498.28	0.52737
498.531	0.51272
498.783	0.51272
499.034	0.51272
499.286	0.517603
499.537	0.507837
499.789	0.517603
500.04	0.517603
500.292	0.507837
500.544	0.517603
500.795	0.502954
501.047	0.507837
501.298	0.517603
501.55	0.51272
501.801	0.502954
502.053	0.502954
502.304	0.498071
502.556	0.517603
502.807	0.498071
503.059	0.498071
503.31	0.498071
503.562	0.498071
503.813	0.502954
504.065	0.488305
504.316	0.502954
504.568	0.488305
504.819	0.493188
505.071	0.483422
505.322	0.478539
505.574	0.493188
505.825	0.473656
506.077	0.483422
506.328	0.478539
506.58	0.478539
506.832	0.478539
507.083	0.493188
507.335	0.483422
507.586	0.473656
507.838	0.473656
508.089	0.478539
508.341	0.498071
508.592	0.488305
508.844	0.468773
509.095	0.483422
509.347	0.46389
509.598	0.468773
509.85	0.468773
510.101	0.459007
510.353	0.468773
510.604	0.468773
510.856	0.468773
511.107	0.459007
511.359	0.46389
511.61	0.468773
511.862	0.46389
512.113	0.459007
512.365	0.454124
512.616	0.454124
512.868	0.454124
513.12	0.454124
513.371	0.454124
513.623	0.454124
513.874	0.449241
514.126	0.449241
514.377	0.439475
514.629	0.454124
514.88	0.454124
515.132	0.439475
515.383	0.454124
515.635	0.444358
515.886	0.459007
516.138	0.444358
516.389	0.454124
516.641	0.439475
516.892	0.449241
517.144	0.434592
517.395	0.449241
517.647	0.429708
517.898	0.444358
518.15	0.434592
518.401	0.424825
518.653	0.429708
518.904	0.434592
519.156	0.444358
519.408	0.429708
519.659	0.444358
519.911	0.424825
520.162	0.434592
520.414	0.424825
520.665	0.439475
520.917	0.444358
521.168	0.429708
521.42	0.429708
521.671	0.415059
521.923	0.415059
522.174	0.415059
522.426	0.415059
522.677	0.415059
522.929	0.419942
523.18	0.415059
523.432	0.424825
523.683	0.415059
523.935	0.415059
524.186	0.419942
524.438	0.415059
524.689	0.415059
524.941	0.405293
525.192	0.405293
525.444	0.405293
525.696	0.410176
525.947	0.405293
526.199	0.405293
526.45	0.415059
526.702	0.40041
526.953	0.410176
527.205	0.395527
527.456	0.40041
527.708	0.405293
527.959	0.40041
528.211	0.405293
528.462	0.405293
528.714	0.390644
528.965	0.40041
529.217	0.395527
529.468	0.395527
529.72	0.390644
529.971	0.395527
530.223	0.390644
530.474	0.405293
530.726	0.390644
530.977	0.390644
531.229	0.395527
531.48	0.395527
531.732	0.385761
531.984	0.380878
532.235	0.380878
532.487	0.380878
532.738	0.390644
532.99	0.380878
533.241	0.375995
533.493	0.375995
533.744	0.375995
533.996	0.385761
534.247	0.385761
534.499	0.385761
534.75	0.385761
535.002	0.375995
535.253	0.361346
535.505	0.366229
535.756	0.371112
536.008	0.371112
536.259	0.366229
536.511	0.366229
536.762	0.361346
537.014	0.366229
537.265	0.371112
537.517	0.385761
537.768	0.371112
538.02	0.371112
538.272	0.361346
538.523	0.366229
538.775	0.366229
539.026	0.361346
539.278	0.371112
539.529	0.361346
539.781	0.361346
540.032	0.35158
540.284	0.356463
540.535	0.361346
540.787	0.356463
541.038	0.356463
541.29	0.361346
541.541	0.35158
541.793	0.35158
542.044	0.336931
542.296	0.346697
542.547	0.356463
542.799	0.341814
543.05	0.346697
543.302	0.346697
543.553	0.35158
543.805	0.35158
544.056	0.346697
544.308	0.336931
544.56	0.356463
544.811	0.346697
545.063	0.336931
545.314	0.336931
545.566	0.346697
545.817	0.336931
546.069	0.341814
546.32	0.346697
546.572	0.336931
546.823	0.346697
547.075	0.332047
547.326	0.336931
547.578	0.346697
547.829	0.346697
548.081	0.341814
548.332	0.346697
548.584	0.327164
548.835	0.327164
549.087	0.332047
549.338	0.336931
549.59	0.322281
549.841	0.322281
550.093	0.332047
550.344	0.322281
550.596	0.336931
550.848	0.336931
551.099	0.317398
551.351	0.322281
551.602	0.327164
551.854	0.332047
552.105	0.327164
552.357	0.327164
552.608	0.312515
552.86	0.317398
553.111	0.332047
553.363	0.312515
553.614	0.317398
553.866	0.322281
554.117	0.317398
554.369	0.322281
554.62	0.317398
554.872	0.322281
555.123	0.322281
555.375	0.317398
555.626	0.307632
555.878	0.317398
556.129	0.312515
556.381	0.317398
556.632	0.302749
556.884	0.317398
557.136	0.317398
557.387	0.302749
557.639	0.297866
557.89	0.307632
558.142	0.307632
558.393	0.307632
558.645	0.312515
558.896	0.302749
559.148	0.297866
559.399	0.302749
559.651	0.302749
559.902	0.317398
560.154	0.292983
560.405	0.297866
560.657	0.307632
560.908	0.297866
561.16	0.312515
561.411	0.307632
561.663	0.297866
561.914	0.297866
562.166	0.292983
562.417	0.297866
562.669	0.2881
562.92	0.297866
563.172	0.302749
563.424	0.283217
563.675	0.292983
563.927	0.2881
564.178	0.302749
564.43	0.297866
564.681	0.292983
564.933	0.292983
565.184	0.292983
565.436	0.283217
565.687	0.2881
565.939	0.2881
566.19	0.283217
566.442	0.283217
566.693	0.273451
566.945	0.292983
567.196	0.2881
567.448	0.2881
567.699	0.283217
567.951	0.278334
568.202	0.278334
568.454	0.2881
568.705	0.283217
568.957	0.283217
569.208	0.273451
569.46	0.283217
569.712	0.278334
569.963	0.268568
570.215	0.283217
570.466	0.278334
570.718	0.278334
570.969	0.283217
571.221	0.263685
571.472	0.273451
571.724	0.278334
571.975	0.273451
572.227	0.268568
572.478	0.263685
572.73	0.263685
572.981	0.273451
573.233	0.278334
573.484	0.278334
573.736	0.283217
573.987	0.273451
574.239	0.268568
574.49	0.258802
574.742	0.268568
574.993	0.258802
575.245	0.273451
575.496	0.268568
575.748	0.263685
576	0.263685
576.251	0.263685
576.503	0.258802
576.754	0.273451
577.006	0.263685
577.257	0.258802
577.509	0.263685
577.76	0.263685
578.012	0.263685
578.263	0.253919
578.515	0.263685
578.766	0.249036
579.018	0.249036
579.269	0.253919
579.521	0.258802
579.772	0.258802
580.024	0.244153
580.275	0.253919
580.527	0.253919
580.778	0.249036
581.03	0.258802
581.281	0.249036
581.533	0.253919
581.784	0.239269
582.036	0.244153
582.288	0.249036
582.539	0.249036
582.791	0.239269
583.042	0.249036
583.294	0.249036
583.545	0.244153
583.797	0.234386
584.048	0.244153
584.3	0.239269
584.551	0.239269
584.803	0.249036
585.054	0.239269
585.306	0.244153
585.557	0.239269
585.809	0.244153
586.06	0.234386
586.312	0.239269
586.563	0.234386
586.815	0.239269
587.066	0.239269
587.318	0.244153
587.569	0.239269
587.821	0.229503
588.072	0.239269
588.324	0.234386
588.576	0.234386
588.827	0.239269
589.079	0.214854
589.33	0.229503
589.582	0.239269
589.833	0.234386
590.085	0.239269
590.336	0.234386
590.588	0.239269
590.839	0.234386
591.091	0.229503
591.342	0.229503
591.594	0.229503
591.845	0.229503
592.097	0.22462
592.348	0.239269
592.6	0.229503
592.851	0.229503
593.103	0.234386
593.354	0.22462
593.606	0.214854
593.857	0.229503
594.109	0.219737
594.36	0.219737
594.612	0.214854
594.864	0.229503
595.115	0.219737
595.367	0.219737
595.618	0.219737
595.87	0.229503
596.121	0.214854
596.373	0.22462
596.624	0.229503
596.876	0.214854
597.127	0.209971
597.379	0.219737
597.63	0.219737
597.882	0.209971
598.133	0.214854
598.385	0.205088
598.636	0.219737
598.888	0.214854
599.139	0.22462
599.391	0.214854
599.642	0.209971
599.894	0.209971
600.145	0.209971
600.397	0.209971
600.648	0.219737
600.9	0.209971
601.152	0.214854
601.403	0.214854
601.655	0.209971
601.906	0.200205
602.158	0.209971
602.409	0.214854
602.661	0.205088
602.912	0.200205
603.164	0.205088
603.415	0.209971
603.667	0.205088
603.918	0.214854
604.17	0.200205
604.421	0.200205
604.673	0.205088
604.924	0.200205
605.176	0.205088
605.427	0.205088
605.679	0.195322
605.93	0.209971
606.182	0.200205
606.433	0.195322
606.685	0.205088
606.936	0.205088
607.188	0.209971
607.44	0.205088
607.691	0.214854
607.943	0.205088
608.194	0.190439
608.446	0.190439
608.697	0.190439
608.949	0.190439
609.2	0.195322
609.452	0.195322
609.703	0.200205
609.955	0.205088
610.206	0.195322
610.458	0.200205
610.709	0.190439
610.961	0.180673
611.212	0.209971
611.464	0.195322
611.715	0.185556
611.967	0.195322
612.218	0.190439
612.47	0.185556
612.721	0.185556
612.973	0.190439
613.224	0.195322
613.476	0.185556
613.728	0.200205
613.979	0.190439
614.231	0.190439
614.482	0.180673
614.734	0.17579
614.985	0.185556
615.237	0.200205
615.488	0.190439
615.74	0.185556
615.991	0.185556
616.243	0.185556
616.494	0.180673
616.746	0.190439
616.997	0.195322
617.249	0.185556
617.5	0.180673
617.752	0.180673
618.003	0.17579
618.255	0.180673
618.506	0.17579
618.758	0.170907
619.009	0.17579
619.261	0.170907
619.512	0.185556
619.764	0.17579
620.016	0.17579
620.267	0.17579
620.519	0.170907
620.77	0.190439
621.022	0.17579
621.273	0.190439
621.525	0.185556
621.776	0.170907
622.028	0.17579
622.279	0.170907
622.531	0.17579
622.782	0.17579
623.034	0.170907
623.285	0.170907
623.537	0.180673
623.788	0.170907
624.04	0.17579
624.291	0.166024
624.543	0.170907
624.794	0.17579
625.046	0.180673
625.297	0.170907
625.549	0.170907
625.8	0.17579
626.052	0.170907
626.304	0.170907
626.555	0.170907
626.807	0.161141
627.058	0.17579
627.31	0.166024
627.561	0.161141
627.813	0.170907
628.064	0.161141
628.316	0.161141
628.567	0.170907
628.819	0.156258
629.07	0.170907
629.322	0.161141
629.573	0.166024
629.825	0.151375
630.076	0.161141
630.328	0.156258
630.579	0.161141
630.831	0.161141
631.082	0.161141
631.334	0.151375
631.585	0.156258
631.837	0.166024
632.088	0.161141
632.34	0.146492
632.592	0.161141
632.843	0.166024
633.095	0.161141
633.346	0.156258
633.598	0.156258
633.849	0.156258
634.101	0.146492
634.352	0.151375
634.604	0.161141
634.855	0.156258
635.107	0.156258
635.358	0.156258
635.61	0.151375
635.861	0.146492
636.113	0.156258
636.364	0.156258
636.616	0.151375
636.867	0.166024
637.119	0.156258
637.37	0.151375
637.622	0.156258
637.873	0.151375
638.125	0.146492
638.376	0.156258
638.628	0.161141
638.88	0.156258
639.131	0.151375
639.383	0.151375
639.634	0.156258
639.886	0.146492
640.137	0.146492
640.389	0.136725
640.64	0.151375
640.892	0.141608
641.143	0.156258
641.395	0.151375
641.646	0.141608
641.898	0.131842
642.149	0.146492
642.401	0.151375
642.652	0.146492
642.904	0.141608
643.155	0.146492
643.407	0.141608
643.658	0.146492
643.91	0.151375
644.161	0.146492
644.413	0.146492
644.664	0.146492
644.916	0.146492
645.168	0.156258
645.419	0.141608
645.671	0.151375
645.922	0.141608
646.174	0.126959
646.425	0.141608
646.677	0.136725
646.928	0.141608
647.18	0.146492
647.431	0.146492
647.683	0.126959
647.934	0.141608
648.186	0.131842
648.437	0.146492
648.689	0.136725
648.94	0.131842
649.192	0.146492
649.443	0.126959
649.695	0.126959
649.946	0.141608
650.198	0.131842
650.449	0.136725
650.701	0.146492
650.952	0.126959
651.204	0.141608
651.456	0.136725
651.707	0.136725
651.959	0.136725
652.21	0.136725
652.462	0.122076
652.713	0.131842
652.965	0.131842
653.216	0.126959
653.468	0.141608
653.719	0.131842
653.971	0.141608
654.222	0.131842
654.474	0.131842
654.725	0.141608
654.977	0.126959
655.228	0.122076
655.48	0.131842
655.731	0.126959
655.983	0.131842
656.234	0.131842
656.486	0.126959
656.737	0.122076
656.989	0.131842
657.24	0.136725
657.492	0.122076
657.744	0.126959
657.995	0.131842
658.247	0.126959
658.498	0.126959
658.75	0.136725
659.001	0.136725
659.253	0.136725
659.504	0.126959
659.756	0.131842
660.007	0.117193
660.259	0.126959
660.51	0.122076
660.762	0.126959
661.013	0.131842
661.265	0.126959
661.516	0.122076
661.768	0.126959
662.019	0.136725
662.271	0.117193
662.522	0.131842
662.774	0.117193
663.025	0.122076
663.277	0.122076
663.528	0.122076
663.78	0.126959
664.032	0.126959
664.283	0.126959
664.535	0.117193
664.786	0.117193
665.038	0.117193
665.289	0.122076
665.541	0.122076
665.792	0.117193
666.044	0.107427
666.295	0.107427
666.547	0.117193
666.798	0.117193
667.05	0.126959
667.301	0.117193
667.553	0.117193
667.804	0.11231
668.056	0.122076
668.307	0.117193
668.559	0.117193
668.81	0.117193
669.062	0.122076
669.313	0.126959
669.565	0.117193
669.816	0.11231
670.068	0.107427
670.32	0.102544
670.571	0.11231
670.823	0.122076
671.074	0.107427
671.326	0.107427
671.577	0.122076
671.829	0.117193
672.08	0.102544
672.332	0.107427
672.583	0.11231
672.835	0.107427
673.086	0.11231
673.338	0.107427
673.589	0.11231
673.841	0.102544
674.092	0.11231
674.344	0.117193
674.595	0.122076
674.847	0.107427
675.098	0.107427
675.35	0.11231
675.601	0.102544
675.853	0.107427
676.104	0.102544
676.356	0.11231
676.608	0.122076
676.859	0.107427
677.111	0.117193
677.362	0.107427
677.614	0.102544
677.865	0.102544
678.117	0.107427
678.368	0.11231
678.62	0.117193
678.871	0.11231
679.123	0.107427
679.374	0.097661
679.626	0.102544
679.877	0.102544
680.129	0.107427
680.38	0.097661
680.632	0.11231
680.883	0.102544
681.135	0.0878949
681.386	0.092778
681.638	0.107427
681.889	0.097661
682.141	0.102544
682.392	0.11231
682.644	0.092778
682.896	0.107427
683.147	0.092778
683.399	0.107427
683.65	0.097661
683.902	0.102544
684.153	0.097661
684.405	0.102544
684.656	0.102544
684.908	0.0878949
685.159	0.092778
685.411	0.097661
685.662	0.097661
685.914	0.097661
686.165	0.107427
686.417	0.107427
686.668	0.102544
686.92	0.0878949
687.171	0.092778
687.423	0.097661
687.674	0.097661
687.926	0.092778
688.177	0.092778
688.429	0.102544
688.68	0.0878949
688.932	0.097661
689.184	0.092778
689.435	0.107427
689.687	0.097661
689.938	0.0830119
690.19	0.102544
690.441	0.097661
690.693	0.092778
690.944	0.0830119
691.196	0.092778
691.447	0.0878949
691.699	0.0830119
691.95	0.092778
692.202	0.102544
692.453	0.097661
692.705	0.092778
692.956	0.097661
693.208	0.092778
693.459	0.092778
693.711	0.0878949
693.962	0.092778
694.214	0.092778
694.465	0.0878949
694.717	0.097661
694.968	0.0878949
695.22	0.097661
695.472	0.097661
695.723	0.0878949
695.975	0.0830119
696.226	0.097661
696.478	0.092778
696.729	0.0830119
696.981	0.092778
697.232	0.0781288
697.484	0.092778
697.735	0.0830119
697.987	0.092778
698.238	0.097661
698.49	0.0878949
698.741	0.092778
698.993	0.0878949
699.244	0.092778
699.496	0.092778
699.747	0.0878949
699.999	0.097661
700.25	0.092778
700.502	0.0781288
700.753	0.0781288
701.005	0.0878949
701.256	0.092778
701.508	0.0830119
701.76	0.092778
702.011	0.0878949
702.263	0.0781288
702.514	0.0781288
702.766	0.0732458
703.017	0.0781288
703.269	0.0830119
703.52	0.0830119
703.772	0.0781288
704.023	0.0830119
704.275	0.092778
704.526	0.0781288
704.778	0.0878949
705.029	0.0781288
705.281	0.0830119
705.532	0.092778
705.784	0.0781288
706.035	0.0830119
706.287	0.092778
706.538	0.0781288
706.79	0.0830119
707.041	0.092778
707.293	0.0878949
707.544	0.0830119
707.796	0.0634797
708.048	0.0830119
708.299	0.0830119
708.551	0.0830119
708.802	0.0830119
709.054	0.0878949
709.305	0.0830119
709.557	0.0830119
709.808	0.0830119
710.06	0.0683627
710.311	0.0732458
710.563	0.0683627
710.814	0.0830119
711.066	0.0781288
711.317	0.0781288
711.569	0.0878949
711.82	0.0830119
712.072	0.0878949
712.323	0.0878949
712.575	0.0781288
712.826	0.0781288
713.078	0.0878949
713.329	0.0732458
713.581	0.0781288
713.832	0.0781288
714.084	0.0732458
714.336	0.0781288
714.587	0.0781288
714.839	0.0781288
715.09	0.0732458
715.342	0.0732458
715.593	0.0683627
715.845	0.0732458
716.096	0.0732458
716.348	0.0634797
716.599	0.0781288
716.851	0.0732458
717.102	0.0781288
717.354	0.0732458
717.605	0.0781288
717.857	0.0732458
718.108	0.0830119
718.36	0.0830119
718.611	0.0781288
718.863	0.0683627
719.114	0.0732458
719.366	0.0732458
719.617	0.0585966
719.869	0.0683627
720.12	0.0781288
720.372	0.0732458
720.624	0.0781288
720.875	0.0732458
721.127	0.0781288
721.378	0.0781288
721.63	0.0683627
721.881	0.0634797
722.133	0.0781288
722.384	0.0781288
722.636	0.0732458
722.887	0.0683627
723.139	0.0683627
723.39	0.0732458
723.642	0.0683627
723.893	0.0683627
724.145	0.0781288
724.396	0.0732458
724.648	0.0634797
724.899	0.0488305
725.151	0.0830119
725.402	0.0537136
725.654	0.0683627
725.905	0.0683627
726.157	0.0634797
726.408	0.0683627
726.66	0.0781288
726.912	0.0732458
727.163	0.0634797
727.415	0.0732458
727.666	0.0683627
727.918	0.0830119
728.169	0.0781288
728.421	0.0634797
728.672	0.0781288
728.924	0.0683627
729.175	0.0585966
729.427	0.0634797
729.678	0.0634797
729.93	0.0781288
730.181	0.0585966
730.433	0.0634797
730.684	0.0585966
730.936	0.0634797
731.187	0.0634797
731.439	0.0732458
731.69	0.0634797
731.942	0.0585966
732.193	0.0781288
732.445	0.0585966
732.696	0.0683627
732.948	0.0732458
733.2	0.0634797
733.451	0.0732458
733.703	0.0634797
733.954	0.0732458
734.206	0.0585966
734.457	0.0683627
734.709	0.0585966
734.96	0.0585966
735.212	0.0634797
735.463	0.0585966
735.715	0.0585966
735.966	0.0585966
736.218	0.0585966
736.469	0.0634797
736.721	0.0585966
736.972	0.0683627
737.224	0.0683627
737.475	0.0585966
737.727	0.0683627
737.978	0.0488305
738.23	0.0585966
738.481	0.0634797
738.733	0.0634797
738.984	0.0683627
739.236	0.0585966
739.488	0.0488305
739.739	0.0683627
739.991	0.0537136
740.242	0.0537136
740.494	0.0634797
740.745	0.0683627
740.997	0.0488305
741.248	0.0537136
741.5	0.0537136
741.751	0.0683627
742.003	0.0585966
742.254	0.0732458
742.506	0.0585966
742.757	0.0634797
743.009	0.0634797
743.26	0.0634797
743.512	0.0537136
743.763	0.0439475
744.015	0.0585966
744.266	0.0585966
744.518	0.0537136
744.769	0.0634797
745.021	0.0683627
745.272	0.0634797
745.524	0.0537136
745.776	0.0634797
746.027	0.0537136
746.279	0.0683627
746.53	0.0585966
746.782	0.0585966
747.033	0.0488305
747.285	0.0585966
747.536	0.0537136
747.788	0.0537136
748.039	0.0585966
748.291	0.0585966
748.542	0.0537136
748.794	0.0488305
749.045	0.0683627
749.297	0.0585966
749.548	0.0585966
749.8	0.0439475
750.051	0.0537136
750.303	0.0537136
750.554	0.0585966
750.806	0.0585966
751.057	0.0488305
751.309	0.0537136
751.56	0.0488305
751.812	0.0488305
752.064	0.0585966
752.315	0.0537136
752.567	0.0439475
752.818	0.0439475
753.07	0.0585966
753.321	0.0439475
753.573	0.0585966
753.824	0.0585966
754.076	0.0634797
754.327	0.0537136
754.579	0.0585966
754.83	0.0439475
755.082	0.0683627
755.333	0.0585966
755.585	0.0488305
755.836	0.0585966
756.088	0.0537136
756.339	0.0488305
756.591	0.0488305
756.842	0.0488305
757.094	0.0537136
757.345	0.0537136
757.597	0.0390644
757.848	0.0537136
758.1	0.0585966
758.352	0.0537136
758.603	0.0537136
758.855	0.0537136
759.106	0.0488305
759.358	0.0537136
759.609	0.0488305
759.861	0.0585966
760.112	0.0488305
760.364	0.0439475
760.615	0.0585966
760.867	0.0488305
761.118	0.0537136
761.37	0.0488305
761.621	0.0439475
761.873	0.0488305
762.124	0.0488305
762.376	0.0439475
762.627	0.0488305
762.879	0.0488305
763.13	0.0439475
763.382	0.0537136
763.633	0.0537136
763.885	0.0488305
764.136	0.0390644
764.388	0.0537136
764.64	0.0488305
764.891	0.0488305
765.143	0.0439475
765.394	0.0439475
765.646	0.0439475
765.897	0.0488305
766.149	0.0585966
766.4	0.0488305
766.652	0.0488305
766.903	0.0488305
767.155	0.0488305
767.406	0.0537136
767.658	0.0488305
767.909	0.0439475
768.161	0.0439475
768.412	0.0488305
768.664	0.0488305
768.915	0.0488305
769.167	0.0537136
769.418	0.0488305
769.67	0.0488305
769.921	0.0390644
770.173	0.0390644
770.424	0.0439475
770.676	0.0439475
770.928	0.0439475
771.179	0.0488305
771.431	0.0390644
771.682	0.0488305
771.934	0.0585966
772.185	0.0439475
772.437	0.0439475
772.688	0.0390644
772.94	0.0585966
773.191	0.0488305
773.443	0.0390644
773.694	0.0488305
773.946	0.0341814
774.197	0.0439475
774.449	0.0439475
774.7	0.0439475
774.952	0.0488305
775.203	0.0488305
775.455	0.0390644
775.706	0.0390644
775.958	0.0390644
776.209	0.0439475
776.461	0.0390644
776.712	0.0439475
776.964	0.0439475
777.216	0.0488305
777.467	0.0390644
777.719	0.0488305
777.97	0.0488305
778.222	0.0341814
778.473	0.0390644
778.725	0.0292983
778.976	0.0488305
779.228	0.0341814
779.479	0.0439475
779.731	0.0390644
779.982	0.0341814
780.234	0.0390644
780.485	0.0390644
780.737	0.0390644
780.988	0.0439475
781.24	0.0537136
781.491	0.0390644
781.743	0.0341814
781.994	0.0439475
782.246	0.0341814
782.497	0.0488305
782.749	0.0488305
783	0.0341814
783.252	0.0341814
783.504	0.0390644
783.755	0.0488305
784.007	0.0439475
784.258	0.0439475
784.51	0.0390644
784.761	0.0439475
785.013	0.0439475
785.264	0.0439475
785.516	0.0341814
785.767	0.0390644
786.019	0.0292983
786.27	0.0439475
786.522	0.0439475
786.773	0.0390644
787.025	0.0390644
787.276	0.0341814
787.528	0.0390644
787.779	0.0390644
788.031	0.0341814
788.282	0.0439475
788.534	0.0439475
788.785	0.0341814
789.037	0.0390644
789.288	0.0390644
789.54	0.0488305
789.792	0.0439475
790.043	0.0341814
790.295	0.0341814
790.546	0.0439475
790.798	0.0341814
791.049	0.0341814
791.301	0.0439475
791.552	0.0439475
791.804	0.0439475
792.055	0.0195322
792.307	0.0341814
792.558	0.0390644
792.81	0.0341814
793.061	0.0292983
793.313	0.0292983
793.564	0.0390644
793.816	0.0292983
794.067	0.0292983
794.319	0.0439475
794.57	0.0390644
794.822	0.0390644
795.073	0.0341814
795.325	0.0292983
795.576	0.0390644
795.828	0.0244153
796.08	0.0439475
796.331	0.0439475
796.583	0.0390644
796.834	0.0439475
797.086	0.0341814
797.337	0.0292983
797.589	0.0341814
797.84	0.0439475
798.092	0.0341814
798.343	0.0439475
798.595	0.0341814
798.846	0.0341814
799.098	0.0390644
799.349	0.0439475
799.601	0.0390644
799.852	0.0292983
800.104	0.0292983
800.355	0.0390644
800.607	0.0390644
800.858	0.0390644
801.11	0.0341814
801.361	0.0341814
801.613	0.0292983
801.864	0.0390644
802.116	0.0341814
802.368	0.0341814
802.619	0.0341814
802.871	0.0195322
803.122	0.0292983
803.374	0.0244153
803.625	0.0341814
803.877	0.0390644
804.128	0.0244153
804.38	0.0292983
804.631	0.0244153
804.883	0.0439475
805.134	0.0390644
805.386	0.0390644
805.637	0.0341814
805.889	0.0390644
806.14	0.0341814
806.392	0.0390644
806.643	0.0341814
806.895	0.0292983
807.146	0.0341814
807.398	0.0292983
807.649	0.0390644
807.901	0.0292983
808.152	0.0292983
808.404	0.0439475
808.656	0.0341814
808.907	0.0341814
809.159	0.0292983
809.41	0.0341814
809.662	0.0292983
809.913	0.0390644
810.165	0.0341814
810.416	0.0292983
810.668	0.0341814
810.919	0.0341814
811.171	0.0439475
811.422	0.0390644
811.674	0.0292983
811.925	0.0146492
812.177	0.0341814
812.428	0.0341814
812.68	0.0341814
812.931	0.0244153
813.183	0.0292983
813.434	0.0292983
813.686	0.0292983
813.937	0.0390644
814.189	0.0341814
814.44	0.0292983
814.692	0.0341814
814.944	0.0341814
815.195	0.0244153
815.447	0.0341814
815.698	0.0341814
815.95	0.0146492
816.201	0.0195322
816.453	0.0244153
816.704	0.0292983
816.956	0.0390644
817.207	0.0341814
817.459	0.0292983
817.71	0.0292983
817.962	0.0292983
818.213	0.0292983
818.465	0.0244153
818.716	0.0341814
818.968	0.0390644
819.219	0.0341814
819.471	0.0244153
819.722	0.0341814
819.974	0.0292983
820.225	0.0341814
820.477	0.0244153
820.728	0.0390644
820.98	0.0244153
821.232	0.0195322
821.483	0.0341814
821.735	0.0390644
821.986	0.0244153
822.238	0.0244153
822.489	0.0292983
822.741	0.0292983
822.992	0.0390644
823.244	0.0390644
823.495	0.0292983
823.747	0.0341814
823.998	0.0244153
824.25	0.0341814
824.501	0.0341814
824.753	0.0341814
825.004	0.0390644
825.256	0.0244153
825.507	0.0292983
825.759	0.0292983
826.01	0.0244153
826.262	0.0244153
826.513	0.0244153
826.765	0.0292983
827.016	0.0244153
827.268	0.0195322
827.52	0.0244153
827.771	0.0195322
828.023	0.0292983
828.274	0.0292983
828.526	0.0195322
828.777	0.0341814
829.029	0.0390644
829.28	0.0439475
829.532	0.0341814
829.783	0.0341814
830.035	0.0195322
830.286	0.0195322
830.538	0.0244153
830.789	0.0341814
831.041	0.0292983
831.292	0.0195322
831.544	0.0244153
831.795	0.0195322
832.047	0.0244153
832.298	0.0244153
832.55	0.0244153
832.801	0.0244153
833.053	0.0292983
833.304	0.0244153
833.556	0.0244153
833.808	0.0292983
834.059	0.0292983
834.311	0.0292983
834.562	0.0244153
834.814	0.0244153
835.065	0.0390644
835.317	0.0341814
835.568	0.0244153
835.82	0.0195322
836.071	0.0244153
836.323	0.0244153
836.574	0.0195322
836.826	0.0244153
837.077	0.0244153
837.329	0.0292983
837.58	0.0292983
837.832	0.0244153
838.083	0.0244153
838.335	0.0341814
838.586	0.0195322
838.838	0.0195322
839.089	0.0146492
839.341	0.0195322
839.592	0.0292983
839.844	0.0195322
840.096	0.0195322
840.347	0.0341814
840.599	0.0244153
840.85	0.0292983
841.102	0.0195322
841.353	0.0244153
841.605	0.0292983
841.856	0.0292983
842.108	0.0195322
842.359	0.0146492
842.611	0.0292983
842.862	0.0244153
843.114	0.0244153
843.365	0.0244153
843.617	0.0195322
843.868	0.0195322
844.12	0.0195322
844.371	0.0244153
844.623	0.0195322
844.874	0.0146492
845.126	0.0195322
845.377	0.0292983
845.629	0.0244153
845.88	0.0195322
846.132	0.0244153
846.384	0.0097661
846.635	0.0195322
846.887	0.0244153
847.138	0.0244153
847.39	0.0146492
847.641	0.0097661
847.893	0.0292983
848.144	0.0146492
848.396	0.0244153
848.647	0.0292983
848.899	0.0097661
849.15	0.0195322
849.402	0.0244153
849.653	0.0244153
849.905	0.0341814
850.156	0.0390644
850.408	0.0195322
850.659	0.0195322
850.911	0.0292983
851.162	0.0292983
851.414	0.0146492
851.665	0.0292983
851.917	0.0244153
852.168	0.0195322
852.42	0.0146492
852.672	0.0195322
852.923	0.0195322
853.175	0.0146492
853.426	0.0244153
853.678	0.0097661
853.929	0.0097661
854.181	0.0097661
854.432	0.0195322
854.684	0.0195322
854.935	0.0146492
855.187	0.0244153
855.438	0.0097661
855.69	0.0244153
855.941	0.0244153
856.193	0.0244153
856.444	0.0146492
856.696	0.0244153
856.947	0.0195322
857.199	0.0146492
857.45	0.0146492
857.702	0.0195322
857.953	0.0292983
858.205	0.0195322
858.456	0.0244153
858.708	0.0195322
858.96	0.0341814
859.211	0.0195322
859.463	0.0244153
859.714	0.0195322
859.966	0.0146492
860.217	0.0292983
860.469	0.0195322
860.72	0.0244153
860.972	0.0195322
861.223	0.0244153
861.475	0.0146492
861.726	0.0195322
861.978	0.0146492
862.229	0.0146492
862.481	0.0244153
862.732	0.0195322
862.984	0.0195322
863.235	0.0244153
863.487	0.0292983
863.738	0.0195322
863.99	0.0244153
864.241	0.0292983
864.493	0.0292983
864.744	0.0146492
864.996	0.0195322
865.248	0.0097661
865.499	0.0146492
865.751	0.0292983
866.002	0.00488305
866.254	0.0146492
866.505	0.0146492
866.757	0.0195322
867.008	0.0195322
867.26	0.0195322
867.511	0.0097661
867.763	0.0195322
868.014	0.0244153
868.266	0.0244153
868.517	0.0146492
868.769	0.0244153
869.02	0.0195322
869.272	0.0195322
869.523	0.0195322
869.775	0.0195322
870.026	0.0146492
870.278	0.0244153
870.529	0.0146492
870.781	0.0146492
871.032	0.0146492
871.284	0.0195322
871.536	0.0097661
871.787	0.0195322
872.039	0.0244153
872.29	0.0195322
872.542	0.0292983
872.793	0.0195322
873.045	0.0195322
873.296	0.0146492
873.548	0.0097661
873.799	0.0195322
874.051	0.0146492
874.302	0.0244153
874.554	0.0292983
874.805	0.0146492
875.057	0.0097661
875.308	0.0097661
875.56	0.0195322
875.811	0.0097661
876.063	0.0097661
876.314	0.0195322
876.566	0.0195322
876.817	0.0146492
877.069	0.0244153
877.32	0.0146492
877.572	0.0244153
877.824	0.0195322
878.075	0.0146492
878.327	0.0195322
878.578	0.0244153
878.83	0.0195322
879.081	0.0195322
879.333	0.0146492
879.584	0.0146492
879.836	0.0146492
880.087	0.0146492
880.339	0.0146492
880.59	0.0097661
880.842	0.00488305
881.093	0.0097661
881.345	0.0097661
881.596	0.0146492
881.848	0.0146492
882.099	0.0195322
882.351	0.0244153
882.602	0.0146492
882.854	0.0146492
883.105	0.0195322
883.357	0.0195322
883.608	0.0244153
883.86	0.0195322
884.112	0.0146492
884.363	0.0195322
884.615	0.0146492
884.866	0.0146492
885.118	0.0195322
885.369	0.0146492
885.621	0.0146492
885.872	0.0097661
886.124	0.0195322
886.375	0.0195322
886.627	0.0244153
886.878	0.0097661
887.13	0.0097661
887.381	0.0146492
887.633	0.0146492
887.884	0.0146492
888.136	0.0097661
888.387	0.0097661
888.639	0.0146492
888.89	0.0097661
889.142	0.0097661
889.393	0.0244153
889.645	0.0195322
889.896	0.0097661
890.148	0.00488305
890.4	0.0146492
890.651	0.0195322
890.903	0.0195322
891.154	0.0146492
891.406	0.0146492
891.657	0.0146492
891.909	0.00488305
892.16	0.0146492
892.412	0.0244153
892.663	0
892.915	0.0097661
893.166	0.0292983
893.418	0.0146492
893.669	0.0195322
893.921	0.0146492
894.172	0.0195322
894.424	0.0097661
894.675	0.0097661
894.927	0.0146492
895.178	0.0146492
895.43	0.0244153
895.681	0.00488305
895.933	0.0195322
896.184	0.0097661
896.436	0.0195322
896.688	0.0146492
896.939	0.0146492
897.191	0.0097661
897.442	0.0097661
897.694	0.0244153
897.945	0.0146492
898.197	0.0292983
898.448	0.0146492
898.7	0.0097661
898.951	0.0195322
899.203	0.0244153
899.454	0.0146492
899.706	0.0195322
899.957	0.0146492
900.209	0.0146492
900.46	0.0146492
900.712	0.0097661
900.963	0.0097661
901.215	0.0195322
901.466	0.0097661
901.718	0.0195322
901.969	0.0097661
902.221	0.0146492
902.472	0.0146492
902.724	0.00488305
902.976	0.0195322
903.227	0.0146492
903.479	0.0146492
903.73	0.0146492
903.982	0.0146492
904.233	0.0292983
904.485	0.00488305
904.736	0.0097661
904.988	0.0244153
905.239	0.0097661
905.491	0.00488305
905.742	0.00488305
905.994	0.0097661
906.245	0.0097661
906.497	0.0097661
906.748	0.0097661
907	0.00488305
907.251	0.0146492
907.503	0.0146492
907.754	0.0195322
908.006	0.0097661
908.257	0.0146492
908.509	0.0195322
908.76	0.0146492
909.012	0.0146492
909.264	0.0195322
909.515	0.0195322
909.767	0.0195322
910.018	0.0097661
910.27	0.0097661
910.521	0.0146492
910.773	0.0097661
911.024	0.0146492
911.276	0.00488305
911.527	0.0097661
911.779	0.0097661
912.03	0.0097661
912.282	0.0195322
912.533	0.0146492
912.785	0.0146492
913.036	0.0097661
913.288	0.0097661
913.539	0.00488305
913.791	0.0097661
914.042	0.0097661
914.294	0.0146492
914.545	0.0097661
914.797	0.00488305
915.048	0.0097661
915.3	0.0146492
915.552	0.0097661
915.803	0.00488305
916.055	0.0097661
916.306	0.0146492
916.558	0.0195322
916.809	0.0097661
917.061	0.0097661
917.312	0.0097661
917.564	0.0146492
917.815	0.00488305
918.067	0.0146492
918.318	0.0195322
918.57	0.0097661
918.821	0.0146492
919.073	0.0146492
919.324	0.0146492
919.576	0.0097661
919.827	0.0244153
920.079	0.00488305
920.33	0.0146492
920.582	0.0146492
920.833	0.0146492
921.085	0.0146492
921.336	0.0097661
921.588	0.0146492
921.84	0.0097661
922.091	0.0146492
922.343	0.0097661
922.594	0.0146492
922.846	0.0146492
923.097	0.0097661
923.349	0.0097661
923.6	0.0195322
923.852	0.0097661
924.103	0.0195322
924.355	0.0097661
924.606	0.00488305
924.858	0.00488305
925.109	0.0195322
925.361	0.0195322
925.612	0.0097661
925.864	0.0146492
926.115	0.0146492
926.367	0.0097661
926.618	0
926.87	0.0146492
927.121	0
927.373	0.0146492
927.624	0.0146492
927.876	0.0097661
928.128	0.00488305
928.379	0.0146492
928.631	0.0097661
928.882	0
929.134	0.0097661
929.385	0.00488305
929.637	0.0146492
929.888	0.0097661
930.14	0.0097661
930.391	0.0097661
930.643	0.0097661
930.894	0.0146492
931.146	0.0097661
931.397	0.0146492
931.649	0.0097661
931.9	0.00488305
932.152	0.0097661
932.403	0.0146492
932.655	0.0146492
932.906	0.00488305
933.158	0.0097661
933.409	0.00488305
933.661	0.0097661
933.912	0.0097661
934.164	0.0097661
934.416	0.0097661
934.667	0.0097661
934.919	0.0146492
935.17	0.00488305
935.422	0.00488305
935.673	0.00488305
935.925	0.0146492
936.176	0.0097661
936.428	0.00488305
936.679	0.0146492
936.931	0.00488305
937.182	0.0097661
937.434	0.0097661
937.685	0.0097661
937.937	0.00488305
938.188	0.00488305
938.44	0.0146492
938.691	0.0195322
938.943	0.0146492
939.194	0.0097661
939.446	0.0097661
939.697	0.0146492
939.949	0.0097661
940.2	0.0146492
940.452	0.0097661
940.704	0.00488305
940.955	0.0195322
941.207	0.0146492
941.458	0.0097661
941.71	0.0146492
941.961	0.0097661
942.213	0.00488305
942.464	0.0097661
942.716	0.0146492
942.967	0.0097661
943.219	0.0195322
943.47	0.00488305
943.722	0.0097661
943.973	0.0097661
944.225	0.00488305
944.476	0.00488305
944.728	0.0195322
944.979	0
945.231	0.0097661
945.482	0.0097661
945.734	0.0097661
945.985	0
946.237	0.0195322
946.488	0.0097661
946.74	0.0097661
946.992	0.0146492
947.243	0
947.495	0.00488305
947.746	0.0146492
947.998	0.00488305
948.249	0.00488305
948.501	0.0146492
948.752	0
949.004	0.0097661
949.255	0.0146492
949.507	0.00488305
949.758	0.0195322
950.01	0.0195322
950.261	0.0097661
950.513	0.0097661
950.764	0.0146492
951.016	0.0195322
951.267	0.0146492
951.519	0.00488305
951.77	0.0097661
952.022	0.0097661
952.273	0.0146492
952.525	0.0097661
952.776	0.0097661
953.028	0.0097661
953.28	0.0146492
953.531	0.00488305
953.783	0.0146492
954.034	0.0195322
954.286	0.0195322
954.537	0.0097661
954.789	0.00488305
955.04	0.0195322
955.292	0.0097661
955.543	0.0146492
955.795	0.0244153
956.046	0.00488305
956.298	0.00488305
956.549	0.0097661
956.801	0.0146492
957.052	0.0097661
957.304	0.0097661
957.555	0.00488305
957.807	0.00488305
958.058	0.0097661
958.31	0.0097661
958.561	0.00488305
958.813	0.00488305
959.064	0.00488305
959.316	0.0146492
959.568	0.0146492
959.819	0.00488305
960.071	0.00488305
960.322	0.00488305
960.574	0.00488305
960.825	0.00488305
961.077	0.00488305
961.328	0.0097661
961.58	0
961.831	0.0097661
962.083	0.0146492
962.334	0.0146492
962.586	0.00488305
962.837	0.00488305
963.089	0.00488305
963.34	0.0146492
963.592	0
963.843	0.00488305
964.095	0.0097661
964.346	0.0097661
964.598	0.0097661
964.849	0.0097661
965.101	0.0097661
965.352	0
965.604	0.0097661
965.856	0.00488305
966.107	0.0097661
966.359	0.00488305
966.61	0
966.862	0.0146492
967.113	0
967.365	0.0097661
967.616	0.0097661
967.868	0.00488305
968.119	0
968.371	0.0146492
968.622	0.0097661
968.874	0.0146492
969.125	0.0097661
969.377	0.0097661
969.628	0.00488305
969.88	0.0097661
970.131	0.0097661
970.383	0.00488305
970.634	0.0146492
970.886	0.0097661
971.137	0.0097661
971.389	0.0097661
971.64	0.0195322
971.892	0
972.144	0
972.395	0.0146492
972.647	0
972.898	0.0097661
973.15	0.00488305
973.401	0.00488305
973.653	0.0097661
973.904	0
974.156	0.0146492
974.407	0.0146492
974.659	0.00488305
974.91	0.0146492
975.162	0.0097661
975.413	0
975.665	0.0146492
975.916	0.00488305
976.168	0
976.419	0.00488305
976.671	0
976.922	0.00488305
977.174	0.0097661
977.425	0.00488305
977.677	0.00488305
977.928	0.00488305
978.18	0.00488305
978.432	0.00488305
978.683	0.0097661
978.935	0.0146492
979.186	0.00488305
979.438	0.0097661
979.689	0.00488305
979.941	0.0097661
980.192	0.00488305
980.444	0
980.695	0.0146492
980.947	0.0146492
981.198	0
981.45	0.00488305
981.701	0
981.953	0.0097661
982.204	0
982.456	0
982.707	0.00488305
982.959	0.0097661
983.21	0.0097661
983.462	0.00488305
983.713	0.0146492
983.965	0.0097661
984.216	0.00488305
984.468	0
984.72	0.00488305
984.971	0.0097661
985.223	0.0146492
985.474	0.00488305
985.726	0.00488305
985.977	0.0097661
986.229	0.0146492
986.48	0.0097661
986.732	0.00488305
986.983	0.00488305
987.235	0.0097661
987.486	0.0146492
987.738	0
987.989	0
988.241	0
988.492	0
988.744	0.00488305
988.995	0.00488305
989.247	0.00488305
989.498	0.0097661
989.75	0.00488305
990.001	0.00488305
990.253	0
990.504	0.00488305
990.756	0.00488305
991.008	0
991.259	0.0097661
991.511	0.0097661
991.762	0.0195322
992.014	0
992.265	0.00488305
992.517	0.00488305
992.768	0.00488305
993.02	0.0097661
993.271	0.0097661
993.523	0.0097661
993.774	0.00488305
994.026	0.0097661
994.277	0.0097661
994.529	0.00488305
994.78	0.00488305
995.032	0.0097661
995.283	0.0097661
995.535	0
995.786	0.00488305
996.038	0.0146492
996.289	0.00488305
996.541	0
996.792	0.0097661
997.044	0.00488305
997.296	0.0097661
997.547	0.0097661
997.799	0.0097661
998.05	0.00488305
998.302	0.0097661
998.553	0.00488305
998.805	0.00488305
999.056	0.0146492
999.308	0.0097661
999.559	0.00488305
999.811	0
1000.06	0.0097661
1000.31	0.0097661
1000.57	0.00488305
1000.82	0
1001.07	0.00488305
1001.32	0.00488305
1001.57	0.0146492
1001.82	0.00488305
1002.07	0.0097661
1002.33	0
1002.58	0.00488305
1002.83	0
1003.08	0
1003.33	0.0146492
1003.58	0
1003.84	0.00488305
1004.09	0.0097661
1004.34	0
1004.59	0.0097661
1004.84	0
1005.09	0
1005.34	0
1005.6	0.0097661
1005.85	0.0146492
1006.1	0.0097661
1006.35	0.0097661
1006.6	0.00488305
1006.85	0.00488305
1007.1	0.00488305
1007.36	0.00488305
1007.61	0.00488305
1007.86	0.0146492
1008.11	0.00488305
1008.36	0.0146492
1008.61	0.00488305
1008.87	0.00488305
1009.12	0.00488305
1009.37	0.00488305
1009.62	0.00488305
1009.87	0
1010.12	0.00488305
1010.37	0.0097661
1010.63	0.00488305
1010.88	0.00488305
1011.13	0
1011.38	0
1011.63	0
1011.88	0.00488305
1012.14	0
1012.39	0.0097661
1012.64	0.00488305
1012.89	0.0097661
1013.14	0.00488305
1013.39	0
1013.64	0.0097661
1013.9	0.0097661
1014.15	0
1014.4	0.00488305
1014.65	0.00488305
1014.9	0.0146492
1015.15	0
1015.4	0.00488305
1015.66	0.0146492
1015.91	0
1016.16	0.0097661
1016.41	0.00488305
1016.66	0.0146492
1016.91	0.00488305
1017.17	0.0146492
1017.42	0.0097661
1017.67	0.0097661
1017.92	0.0097661
1018.17	0.0146492
1018.42	0
1018.67	0.00488305
1018.93	0.00488305
1019.18	0
1019.43	0.0097661
1019.68	0.0097661
1019.93	0.00488305
1020.18	0.00488305
1020.44	0
1020.69	0.00488305
1020.94	0.0146492
1021.19	0.0097661
1021.44	0.00488305
1021.69	0.0097661
1021.94	0.00488305
1022.2	0.0097661
1022.45	0.0146492
1022.7	0.0097661
1022.95	0.0097661
1023.2	0.0146492
1023.45	0.0097661
1023.71	0.00488305
1023.96	0.00488305
1024.21	0.00488305
1024.46	0.00488305
1024.71	0.00488305
1024.96	0
1025.21	0.0097661
1025.47	0
1025.72	0.0097661
1025.97	0.00488305
1026.22	0.00488305
1026.47	0.00488305
1026.72	0.00488305
1026.97	0.00488305
1027.23	0.0097661
1027.48	0.00488305
1027.73	0
1027.98	0.00488305
1028.23	0
1028.48	0.0146492
1028.74	0.0146492
1028.99	0
1029.24	0.0097661
1029.49	0
1029.74	0.00488305
1029.99	0.00488305
1030.24	0.0097661
1030.5	0.00488305
1030.75	0
1031	0.0097661
1031.25	0.00488305
1031.5	0.00488305
1031.75	0
1032.01	0
1032.26	0
1032.51	0.00488305
1032.76	0.0146492
1033.01	0.00488305
1033.26	0.00488305
1033.51	0
1033.77	0.0146492
1034.02	0
1034.27	0
1034.52	0.00488305
1034.77	0.0097661
1035.02	0.0097661
1035.28	0.0097661
1035.53	0.00488305
1035.78	0.00488305
1036.03	0
1036.28	0.00488305
1036.53	0.0097661
1036.78	0.00488305
1037.04	0.00488305
1037.29	0.0097661
1037.54	0.0097661
1037.79	0.0097661
1038.04	0.0195322
1038.29	0
1038.54	0.0097661
1038.8	0.0097661
1039.05	0.0097661
1039.3	0.00488305
1039.55	0.00488305
1039.8	0.00488305
1040.05	0.00488305
1040.31	0.00488305
1040.56	0.00488305
1040.81	0.0097661
1041.06	0
1041.31	0
1041.56	0.00488305
1041.81	0.00488305
1042.07	0
1042.32	0.0097661
1042.57	0.00488305
1042.82	0.00488305
1043.07	0.00488305
1043.32	0
1043.58	0.00488305
1043.83	0
1044.08	0.0097661
1044.33	0.00488305
1044.58	0.00488305
1044.83	0.00488305
1045.08	0.00488305
1045.34	0.00488305
1045.59	0.0097661
1045.84	0.0097661
1046.09	0.00488305
1046.34	0
1046.59	0.00488305
1046.84	0
1047.1	0.0097661
1047.35	0.00488305
1047.6	0.0097661
1047.85	0.00488305
1048.1	0.00488305
1048.35	0.00488305
1048.61	0.0097661
1048.86	0.00488305
1049.11	0.00488305
1049.36	0.0146492
1049.61	0
1049.86	0.00488305
1050.11	0.00488305
1050.37	0.00488305
1050.62	0
1050.87	0.00488305
1051.12	0
1051.37	0.00488305
1051.62	0.00488305
1051.88	0
1052.13	0
1052.38	0
1052.63	0
1052.88	0
1053.13	0
1053.38	0.00488305
1053.64	0
1053.89	0.0097661
1054.14	0.00488305
1054.39	0.0097661
1054.64	0.00488305
1054.89	0.0097661
1055.15	0.0097661
1055.4	0.0097661
1055.65	0.00488305
1055.9	0.00488305
1056.15	0
1056.4	0.0097661
1056.65	0
1056.91	0.0097661
1057.16	0.00488305
1057.41	0.0146492
1057.66	0.00488305
1057.91	0.00488305
1058.16	0.00488305
1058.41	0.00488305
1058.67	0.0097661
1058.92	0.00488305
1059.17	0.00488305
1059.42	0.0097661
1059.67	0.0146492
1059.92	0.00488305
1060.18	0
1060.43	0.0146492
1060.68	0.00488305
1060.93	0
1061.18	0.00488305
1061.43	0.00488305
1061.68	0.00488305
1061.94	0.0097661
1062.19	0.0097661
1062.44	0.00488305
1062.69	0.00488305
1062.94	0
1063.19	0
1063.45	0.0146492
1063.7	0.00488305
1063.95	0
1064.2	0.00488305
1064.45	0.0097661
1064.7	0
1064.95	0.0097661
1065.21	0
1065.46	0
1065.71	0
1065.96	0
1066.21	0.00488305
1066.46	0.00488305
1066.72	0.0146492
1066.97	0.00488305
1067.22	0.0097661
1067.47	0
1067.72	0
1067.97	0.00488305
1068.22	0.00488305
1068.48	0.00488305
1068.73	0.00488305
1068.98	0.00488305
1069.23	0.0097661
1069.48	0
1069.73	0.00488305
1069.98	0
1070.24	0
1070.49	0.00488305
1070.74	0
1070.99	0
1071.24	0.0097661
1071.49	0.0097661
1071.75	0.00488305
1072	0.00488305
1072.25	0.00488305
1072.5	0.00488305
1072.75	0.00488305
1073	0.0146492
1073.25	0
1073.51	0.0097661
1073.76	0.0146492
1074.01	0.00488305
1074.26	0.0146492
1074.51	0.00488305
1074.76	0
1075.02	0.00488305
1075.27	0
1075.52	0.0097661
1075.77	0.0097661
1076.02	0
1076.27	0.00488305
1076.52	0.0097661
1076.78	0.00488305
1077.03	0.00488305
1077.28	0.0097661
1077.53	0
1077.78	0.0097661
1078.03	0.00488305
1078.28	0.00488305
1078.54	0
1078.79	0.0097661
1079.04	0.00488305
1079.29	0
1079.54	0.00488305
1079.79	0.00488305
1080.05	0.00488305
1080.3	0.0097661
1080.55	0
1080.8	0.0097661
1081.05	0.00488305
1081.3	0.00488305
1081.55	0.00488305
1081.81	0.00488305
1082.06	0.0097661
1082.31	0.0097661
1082.56	0
1082.81	0.00488305
1083.06	0
1083.32	0.00488305
1083.57	0.00488305
1083.82	0.00488305
1084.07	0.00488305
1084.32	0.00488305
1084.57	0.0097661
1084.82	0
1085.08	0.00488305
1085.33	0.0097661
1085.58	0.00488305
1085.83	0.0097661
1086.08	0.00488305
1086.33	0
1086.59	0.00488305
1086.84	0
1087.09	0.00488305
1087.34	0
1087.59	0.00488305
1087.84	0.00488305
1088.09	0.00488305
1088.35	0.00488305
1088.6	0.0195322
1088.85	0.0097661
1089.1	0.0097661
1089.35	0.00488305
1089.6	0
1089.85	0
1090.11	0.00488305
1090.36	0.0097661
1090.61	0
1090.86	0.0097661
1091.11	0.0097661
1091.36	0.00488305
1091.62	0.00488305
1091.87	0.00488305
1092.12	0.0097661
1092.37	0.0097661
1092.62	0.00488305
1092.87	0.0097661
1093.12	0.0097661
1093.38	0
1093.63	0
1093.88	0
1094.13	0.00488305
1094.38	0.0097661
1094.63	0.0097661
1094.89	0
1095.14	0.0097661
1095.39	0.00488305
1095.64	0.0097661
1095.89	0.00488305
1096.14	0.0097661
1096.39	0.0097661
1096.65	0.00488305
1096.9	0.0097661
1097.15	0.00488305
1097.4	0
1097.65	0.00488305
1097.9	0.00488305
1098.16	0
1098.41	0.00488305
1098.66	0.00488305
1098.91	0
1099.16	0.00488305
1099.41	0.00488305
1099.66	0.00488305
1099.92	0
1100.17	0.0097661
1100.42	0
1100.67	0.00488305
1100.92	0.00488305
1101.17	0.00488305
1101.42	0.00488305
1101.68	0.0097661
1101.93	0.00488305
1102.18	0.00488305
1102.43	0.00488305
1102.68	0.00488305
1102.93	0.00488305
1103.19	0
1103.44	0
1103.69	0.00488305
1103.94	0.00488305
1104.19	0.0097661
1104.44	0.00488305
1104.69	0.00488305
1104.95	0.00488305
1105.2	0.0097661
1105.45	0.00488305
1105.7	0.00488305
1105.95	0.0097661
1106.2	0
1106.46	0
1106.71	0
1106.96	0
1107.21	0.00488305
1107.46	0.00488305
1107.71	0
1107.96	0.0097661
1108.22	0.00488305
1108.47	0.0097661
1108.72	0.00488305
1108.97	0.0146492
1109.22	0.00488305
1109.47	0.0097661
1109.72	0.0097661
1109.98	0.00488305
1110.23	0.0097661
1110.48	0
1110.73	0
1110.98	0
1111.23	0.0146492
1111.49	0.00488305
1111.74	0.00488305
1111.99	0.00488305
1112.24	0.0097661
1112.49	0.00488305
1112.74	0.00488305
1112.99	0.0146492
1113.25	0.0097661
1113.5	0
1113.75	0.00488305
1114	0.00488305
1114.25	0.00488305
1114.5	0
1114.76	0
1115.01	0.0097661
1115.26	0
1115.51	0
1115.76	0.00488305
1116.01	0.0097661
1116.26	0
1116.52	0
1116.77	0
1117.02	0
1117.27	0
1117.52	0.0146492
1117.77	0.0097661
1118.03	0.00488305
1118.28	0
1118.53	0.0097661
1118.78	0
1119.03	0.0097661
1119.28	0
1119.53	0.0097661
1119.79	0.00488305
1120.04	0.00488305
1120.29	0.00488305
1120.54	0.0097661
1120.79	0.00488305
1121.04	0.00488305
1121.29	0
1121.55	0
1121.8	0
1122.05	0.0097661
1122.3	0.0146492
1122.55	0.00488305
1122.8	0.0146492
1123.06	0
1123.31	0.0097661
1123.56	0.0097661
1123.81	0.0097661
1124.06	0.00488305
1124.31	0
1124.56	0.0097661
1124.82	0.00488305
1125.07	0.0097661
1125.32	0
1125.57	0
1125.82	0.00488305
1126.07	0.0097661
1126.33	0.00488305
1126.58	0
1126.83	0.00488305
1127.08	0.0097661
1127.33	0.00488305
1127.58	0.0097661
1127.83	0.0097661
1128.09	0
1128.34	0
1128.59	0.00488305
1128.84	0
1129.09	0.00488305
1129.34	0.00488305
1129.6	0.0097661
1129.85	0
1130.1	0
1130.35	0
1130.6	0.00488305
1130.85	0
1131.1	0.00488305
1131.36	0
1131.61	0.00488305
1131.86	0.0097661
1132.11	0
1132.36	0.00488305
1132.61	0.0195322
1132.86	0.0146492
1133.12	0.0097661
1133.37	0.00488305
1133.62	0
1133.87	0.00488305
1134.12	0.00488305
1134.37	0
1134.63	0
1134.88	0
1135.13	0.00488305
1135.38	0.00488305
1135.63	0.00488305
1135.88	0
1136.13	0.00488305
1136.39	0.00488305
1136.64	0.00488305
1136.89	0.0097661
1137.14	0.00488305
1137.39	0.0097661
1137.64	0.0097661
1137.9	0.00488305
1138.15	0.00488305
1138.4	0.0097661
1138.65	0.00488305
1138.9	0
1139.15	0.00488305
1139.4	0.00488305
1139.66	0.00488305
1139.91	0.00488305
1140.16	0.00488305
1140.41	0.0097661
1140.66	0.00488305
1140.91	0.0097661
1141.16	0.00488305
1141.42	0.00488305
1141.67	0
1141.92	0.00488305
1142.17	0.00488305
1142.42	0.0097661
1142.67	0.00488305
1142.93	0.00488305
1143.18	0.00488305
1143.43	0.00488305
1143.68	0
1143.93	0.0097661
1144.18	0.00488305
1144.43	0.00488305
1144.69	0
1144.94	0.00488305
1145.19	0.0146492
1145.44	0.0097661
1145.69	0.0097661
1145.94	0
1146.2	0.00488305
1146.45	0
1146.7	0
1146.95	0
1147.2	0
1147.45	0.0097661
1147.7	0.0097661
1147.96	0
1148.21	0.00488305
1148.46	0.00488305
1148.71	0.00488305
1148.96	0.0097661
1149.21	0.00488305
1149.47	0.00488305
1149.72	0.00488305
1149.97	0
1150.22	0
1150.47	0.00488305
1150.72	0.0097661
1150.97	0.0097661
1151.23	0.00488305
1151.48	0.00488305
1151.73	0.0146492
1151.98	0
1152.23	0.00488305
1152.48	0
1152.73	0.0097661
1152.99	0.0097661
1153.24	0.00488305
1153.49	0.00488305
1153.74	0.00488305
1153.99	0.00488305
1154.24	0.0097661
1154.5	0
1154.75	0.00488305
1155	0
1155.25	0
1155.5	0
1155.75	0
1156	0
1156.26	0
1156.51	0.0097661
1156.76	0.00488305
1157.01	0
1157.26	0
1157.51	0
1157.77	0.0097661
1158.02	0
1158.27	0.00488305
1158.52	0.00488305
1158.77	0.00488305
1159.02	0.0097661
1159.27	0.00488305
1159.53	0.0097661
1159.78	0
1160.03	0.00488305
1160.28	0.0097661
1160.53	0
1160.78	0.00488305
1161.04	0
1161.29	0
1161.54	0
1161.79	0
1162.04	0
1162.29	0.0097661
1162.54	0.00488305
1162.8	0
1163.05	0.00488305
1163.3	0
1163.55	0.0146492
1163.8	0.00488305
1164.05	0.0097661
1164.3	0.0097661
1164.56	0
1164.81	0.0097661
1165.06	0.00488305
1165.31	0.00488305
1165.56	0.00488305
1165.81	0.00488305
1166.07	0.00488305
1166.32	0.00488305
1166.57	0.00488305
1166.82	0.0097661
1167.07	0
1167.32	0.00488305
1167.57	0.0097661
1167.83	0.00488305
1168.08	0.00488305
1168.33	0.0097661
1168.58	0
1168.83	0.0097661
1169.08	0.0097661
1169.34	0
1169.59	0.00488305
1169.84	0.00488305
1170.09	0.00488305
1170.34	0.00488305
1170.59	0.00488305
1170.84	0
1171.1	0
1171.35	0
1171.6	0.0097661
1171.85	0
1172.1	0.00488305
1172.35	0
1172.6	0.00488305
1172.86	0.0097661
1173.11	0.0146492
1173.36	0.0097661
1173.61	0.00488305
1173.86	0.0097661
1174.11	0.00488305
1174.37	0.0097661
1174.62	0.0097661
1174.87	0.00488305
1175.12	0
1175.37	0.0097661
1175.62	0.00488305
1175.87	0
1176.13	0.00488305
1176.38	0.00488305
1176.63	0.00488305
1176.88	0.00488305
1177.13	0.0097661
1177.38	0.00488305
1177.64	0.00488305
1177.89	0.0146492
1178.14	0.00488305
1178.39	0.00488305
1178.64	0
1178.89	0
1179.14	0.0146492
1179.4	0
1179.65	0.0097661
1179.9	0.00488305
1180.15	0
1180.4	0
1180.65	0.00488305
1180.91	0.00488305
1181.16	0.00488305
1181.41	0.0097661
1181.66	0.0097661
1181.91	0.00488305
1182.16	0.00488305
1182.41	0
1182.67	0.00488305
1182.92	0.0097661
1183.17	0.00488305
1183.42	0.00488305
1183.67	0.00488305
1183.92	0.00488305
1184.17	0.00488305
1184.43	0
1184.68	0.00488305
1184.93	0.00488305
1185.18	0.0097661
1185.43	0.0097661
1185.68	0
1185.94	0.00488305
1186.19	0.0097661
1186.44	0.00488305
1186.69	0.00488305
1186.94	0.0146492
1187.19	0.00488305
1187.44	0.00488305
1187.7	0
1187.95	0
1188.2	0.00488305
1188.45	0.00488305
1188.7	0
1188.95	0.00488305
1189.21	0
1189.46	0
1189.71	0.00488305
1189.96	0.0097661
1190.21	0
1190.46	0
1190.71	0.00488305
1190.97	0.00488305
1191.22	0.00488305
1191.47	0.00488305
1191.72	0.00488305
1191.97	0.0097661
1192.22	0.00488305
1192.48	0.0146492
1192.73	0.0146492
1192.98	0.00488305
1193.23	0.00488305
1193.48	0.00488305
1193.73	0.00488305
1193.98	0.00488305
1194.24	0.00488305
1194.49	0.0097661
1194.74	0
1194.99	0
1195.24	0.00488305
1195.49	0
1195.74	0
1196	0
1196.25	0.0097661
1196.5	0.00488305
1196.75	0
1197	0.00488305
1197.25	0
1197.51	0
1197.76	0
1198.01	0
1198.26	0
1198.51	0
1198.76	0
1199.01	0.0097661
1199.27	0.00488305
1199.52	0
1199.77	0.0097661
1200.02	0.00488305
1200.27	0.0097661
1200.52	0.0097661
1200.78	0.00488305
1201.03	0.0097661
1201.28	0.00488305
1201.53	0.00488305
1201.78	0.0097661
1202.03	0
1202.28	0.0097661
1202.54	0.00488305
1202.79	0.0097661
1203.04	0
1203.29	0.00488305
1203.54	0
1203.79	0
1204.04	0
1204.3	0.00488305
1204.55	0.0146492
1204.8	0.00488305
1205.05	0.0097661
1205.3	0.00488305
1205.55	0.00488305
1205.81	0.0146492
1206.06	0.00488305
1206.31	0.00488305
1206.56	0.0097661
1206.81	0.00488305
1207.06	0.00488305
1207.31	0.0146492
1207.57	0.0097661
1207.82	0.00488305
1208.07	0.00488305
1208.32	0.0097661
1208.57	0
1208.82	0.00488305
1209.08	0
1209.33	0.0097661
1209.58	0.00488305
1209.83	0.00488305
1210.08	0.0146492
1210.33	0.00488305
1210.58	0
1210.84	0.00488305
1211.09	0.0097661
1211.34	0
1211.59	0.00488305
1211.84	0.00488305
1212.09	0
1212.35	0.00488305
1212.6	0.00488305
1212.85	0.0097661
1213.1	0.0097661
1213.35	0.00488305
1213.6	0.0146492
1213.85	0.0097661
1214.11	0.00488305
1214.36	0
1214.61	0
1214.86	0.00488305
1215.11	0
1215.36	0
1215.61	0.00488305
1215.87	0.00488305
1216.12	0.0097661
1216.37	0.00488305
1216.62	0
1216.87	0.00488305
1217.12	0.00488305
1217.38	0
1217.63	0.00488305
1217.88	0.0097661
1218.13	0.00488305
1218.38	0.00488305
1218.63	0.00488305
1218.88	0.0097661
1219.14	0.0097661
1219.39	0
1219.64	0.00488305
1219.89	0.0097661
1220.14	0.00488305
1220.39	0.00488305
1220.65	0.00488305
1220.9	0.0097661
1221.15	0.00488305
1221.4	0.0097661
1221.65	0
1221.9	0
1222.15	0.0097661
1222.41	0
1222.66	0.0146492
1222.91	0.00488305
1223.16	0.0097661
1223.41	0
1223.66	0
1223.92	0.00488305
1224.17	0.00488305
1224.42	0.0097661
1224.67	0
1224.92	0.00488305
1225.17	0.00488305
1225.42	0.00488305
1225.68	0.0146492
1225.93	0.0097661
1226.18	0.00488305
1226.43	0.00488305
1226.68	0
1226.93	0.0146492
1227.18	0.00488305
1227.44	0.00488305
1227.69	0
1227.94	0.0097661
1228.19	0.0097661
1228.44	0.0097661
1228.69	0.00488305
1228.95	0.0097661
1229.2	0.00488305
1229.45	0
1229.7	0.00488305
1229.95	0.00488305
1230.2	0.00488305
1230.45	0.00488305
1230.71	0.0097661
1230.96	0.0097661
1231.21	0
1231.46	0.00488305
1231.71	0
1231.96	0.00488305
1232.22	0.00488305
1232.47	0
1232.72	0
1232.97	0.00488305
1233.22	0
1233.47	0.0097661
1233.72	0
1233.98	0.0097661
1234.23	0.00488305
1234.48	0
1234.73	0.0097661
1234.98	0.0097661
1235.23	0.0146492
1235.48	0.00488305
1235.74	0.00488305
1235.99	0.00488305
1236.24	0.00488305
1236.49	0
1236.74	0
1236.99	0
1237.25	0
1237.5	0.0097661
1237.75	0
1238	0.00488305
1238.25	0.0097661
1238.5	0.0146492
1238.75	0.00488305
1239.01	0.00488305
1239.26	0.00488305
1239.51	0.00488305
1239.76	0
1240.01	0
1240.26	0.00488305
1240.52	0.0097661
1240.77	0.00488305
1241.02	0
1241.27	0
1241.52	0.00488305
1241.77	0
1242.02	0.0195322
1242.28	0
1242.53	0.0097661
1242.78	0.00488305
1243.03	0
1243.28	0.00488305
1243.53	0.0146492
1243.79	0.00488305
1244.04	0.00488305
1244.29	0.00488305
1244.54	0.0097661
1244.79	0
1245.04	0
1245.29	0.00488305
1245.55	0
1245.8	0.0097661
1246.05	0.00488305
1246.3	0.00488305
1246.55	0.00488305
1246.8	0.0097661
1247.05	0
1247.31	0.00488305
1247.56	0
1247.81	0
1248.06	0
1248.31	0
1248.56	0.00488305
1248.82	0.00488305
1249.07	0.00488305
1249.32	0
1249.57	0
1249.82	0.0097661
1250.07	0.00488305
1250.32	0
1250.58	0.00488305
1250.83	0
1251.08	0.0097661
1251.33	0
1251.58	0.0097661
1251.83	0.00488305
1252.09	0
1252.34	0.00488305
1252.59	0.0097661
1252.84	0.00488305
1253.09	0.0097661
1253.34	0.00488305
1253.59	0.00488305
1253.85	0.00488305
1254.1	0.00488305
1254.35	0
1254.6	0.0097661
1254.85	0.0097661
1255.1	0
1255.36	0.00488305
1255.61	0.0146492
1255.86	0
1256.11	0
1256.36	0.00488305
1256.61	0.00488305
1256.86	0
1257.12	0
1257.37	0.00488305
1257.62	0.00488305
1257.87	0.0097661
1258.12	0.00488305
1258.37	0.00488305
1258.62	0.0097661
1258.88	0
1259.13	0.0097661
1259.38	0.00488305
1259.63	0
1259.88	0
1260.13	0.00488305
1260.39	0.0146492
1260.64	0
1260.89	0
1261.14	0.00488305
1261.39	0.00488305
1261.64	0
1261.89	0.00488305
1262.15	0
1262.4	0
1262.65	0.00488305
1262.9	0.0097661
1263.15	0.00488305
1263.4	0
1263.66	0.00488305
1263.91	0.00488305
1264.16	0.00488305
1264.41	0.00488305
1264.66	0
1264.91	0.0097661
1265.16	0.0146492
1265.42	0.0097661
1265.67	0
1265.92	0
1266.17	0.00488305
1266.42	0
1266.67	0.00488305
1266.92	0.0097661
1267.18	0.00488305
1267.43	0.0097661
1267.68	0
1267.93	0.0146492
1268.18	0.0097661
1268.43	0.00488305
1268.69	0.00488305
1268.94	0.0097661
1269.19	0.00488305
1269.44	0.0097661
1269.69	0
1269.94	0.0097661
1270.19	0
1270.45	0.00488305
1270.7	0
1270.95	0.00488305
1271.2	0.0097661
1271.45	0.00488305
1271.7	0.00488305
1271.96	0
1272.21	0.0097661
1272.46	0.00488305
1272.71	0.0097661
1272.96	0.00488305
1273.21	0.0146492
1273.46	0
1273.72	0.00488305
1273.97	0.0097661
1274.22	0.00488305
1274.47	0
1274.72	0.0097661
1274.97	0.00488305
1275.23	0
1275.48	0.00488305
1275.73	0.0097661
1275.98	0.00488305
1276.23	0.00488305
1276.48	0
1276.73	0.00488305
1276.99	0
1277.24	0.00488305
1277.49	0.00488305
1277.74	0.00488305
1277.99	0.00488305
1278.24	0.00488305
1278.49	0
1278.75	0.00488305
1279	0.0097661
1279.25	0.00488305
1279.5	0
1279.75	0
1280	0.00488305
1280.26	0
1280.51	0.0097661
1280.76	0.00488305
1281.01	0.00488305
1281.26	0.00488305
1281.51	0
1281.76	0
1282.02	0
1282.27	0.0097661
1282.52	0
1282.77	0
1283.02	0.00488305
1283.27	0.00488305
1283.53	0
1283.78	0.00488305
1284.03	0.0097661
1284.28	0.00488305
1284.53	0.00488305
1284.78	0.00488305
1285.03	0.00488305
1285.29	0.00488305
1285.54	0.00488305
1285.79	0.00488305
1286.04	0.0146492
1286.29	0
1286.54	0.00488305
1286.8	0
1287.05	0.00488305
1287.3	0
1287.55	0
1287.8	0
1288.05	0.0097661
1288.3	0.00488305
1288.56	0.0097661
1288.81	0.00488305
1289.06	0.0097661
1289.31	0.00488305
1289.56	0.0097661
1289.81	0
1290.06	0.00488305
1290.32	0.0097661
1290.57	0
1290.82	0.0097661
1291.07	0
1291.32	0.00488305
1291.57	0
1291.83	0.0146492
1292.08	0.0097661
1292.33	0.00488305
1292.58	0.00488305
1292.83	0.00488305
1293.08	0
1293.33	0.00488305
1293.59	0.00488305
1293.84	0.00488305
1294.09	0.00488305
1294.34	0.0097661
1294.59	0.00488305
1294.84	0.00488305
1295.1	0
1295.35	0.00488305
1295.6	0.00488305
1295.85	0
1296.1	0.0097661
1296.35	0.00488305
1296.6	0.00488305
1296.86	0.0097661
1297.11	0.0097661
1297.36	0
1297.61	0
1297.86	0.00488305
1298.11	0.00488305
1298.36	0
1298.62	0.0097661
1298.87	0
1299.12	0
1299.37	0.0097661
1299.62	0.00488305
1299.87	0.00488305
1300.13	0
1300.38	0
1300.63	0.0097661
1300.88	0.0097661
1301.13	0.0097661
1301.38	0.0146492
1301.63	0.0097661
1301.89	0
1302.14	0.00488305
1302.39	0.00488305
1302.64	0.0097661
1302.89	0.00488305
1303.14	0.00488305
1303.4	0
1303.65	0
1303.9	0.00488305
1304.15	0
1304.4	0.0195322
1304.65	0.00488305
1304.9	0.00488305
1305.16	0.00488305
1305.41	0.00488305
1305.66	0
1305.91	0.0097661
1306.16	0.00488305
1306.41	0.00488305
1306.67	0.00488305
1306.92	0.00488305
1307.17	0.0097661
1307.42	0.00488305
1307.67	0.00488305
1307.92	0.0097661
1308.17	0.00488305
1308.43	0
1308.68	0.00488305
1308.93	0
1309.18	0.00488305
1309.43	0.00488305
1309.68	0
1309.93	0.0097661
1310.19	0.0097661
1310.44	0
1310.69	0.0097661
1310.94	0.00488305
1311.19	0.0097661
1311.44	0.0195322
1311.7	0.00488305
1311.95	0.0097661
1312.2	0
1312.45	0.00488305
1312.7	0.00488305
1312.95	0
1313.2	0
1313.46	0.00488305
1313.71	0
1313.96	0.0097661
1314.21	0
1314.46	0.00488305
1314.71	0.00488305
1314.97	0
1315.22	0.00488305
1315.47	0.00488305
1315.72	0
1315.97	0.00488305
1316.22	0.00488305
1316.47	0
1316.73	0.00488305
1316.98	0.00488305
1317.23	0
1317.48	0.00488305
1317.73	0.0097661
1317.98	0
1318.24	0.00488305
1318.49	0.00488305
1318.74	0
1318.99	0
1319.24	0
1319.49	0.00488305
1319.74	0.00488305
1320	0
1320.25	0
1320.5	0.0146492
1320.75	0.0097661
1321	0.00488305
1321.25	0.00488305
1321.5	0.0097661
1321.76	0.0097661
1322.01	0
1322.26	0.0097661
1322.51	0
1322.76	0.00488305
1323.01	0.0097661
1323.27	0.0146492
1323.52	0.00488305
1323.77	0.0097661
1324.02	0.00488305
1324.27	0.0097661
1324.52	0.00488305
1324.77	0.00488305
1325.03	0.00488305
1325.28	0
1325.53	0.00488305
1325.78	0.0097661
1326.03	0.0146492
1326.28	0.0146492
1326.54	0
1326.79	0
1327.04	0.00488305
1327.29	0
1327.54	0
1327.79	0.0097661
1328.04	0.0146492
1328.3	0.0146492
1328.55	0.00488305
1328.8	0
1329.05	0.0097661
1329.3	0
1329.55	0.0146492
1329.8	0.0097661
1330.06	0.00488305
1330.31	0.00488305
1330.56	0
1330.81	0.00488305
1331.06	0.00488305
1331.31	0.00488305
1331.57	0
1331.82	0.00488305
1332.07	0.00488305
1332.32	0.0195322
1332.57	0
1332.82	0.00488305
1333.07	0
1333.33	0.0097661
1333.58	0.00488305
1333.83	0
1334.08	0.00488305
1334.33	0
1334.58	0
1334.84	0.00488305
1335.09	0.0097661
1335.34	0.00488305
1335.59	0.00488305
1335.84	0.0146492
1336.09	0.00488305
1336.34	0.0146492
1336.6	0.00488305
1336.85	0.0097661
1337.1	0.00488305
1337.35	0.00488305
1337.6	0.0097661
1337.85	0.0097661
1338.11	0.00488305
1338.36	0.00488305
1338.61	0.0097661
1338.86	0.00488305
1339.11	0.0097661
1339.36	0.0146492
1339.61	0.0097661
1339.87	0.00488305
1340.12	0.00488305
1340.37	0.00488305
1340.62	0
1340.87	0.00488305
1341.12	0.00488305
1341.37	0.0097661
1341.63	0.00488305
1341.88	0
1342.13	0
1342.38	0.00488305
1342.63	0
1342.88	0.00488305
1343.14	0
1343.39	0
1343.64	0.00488305
1343.89	0
1344.14	0.0097661
1344.39	0.0097661
1344.64	0.00488305
1344.9	0
1345.15	0
1345.4	0.00488305
1345.65	0.0097661
1345.9	0.00488305
1346.15	0.00488305
1346.41	0.0097661
1346.66	0
1346.91	0.00488305
1347.16	0.00488305
1347.41	0.00488305
1347.66	0.0097661
1347.91	0.0195322
1348.17	0.0097661
1348.42	0.0097661
1348.67	0.00488305
1348.92	0.00488305
1349.17	0.00488305
1349.42	0.00488305
1349.68	0.00488305
1349.93	0.0097661
1350.18	0.00488305
1350.43	0
1350.68	0
1350.93	0.00488305
1351.18	0.00488305
1351.44	0
1351.69	0.0146492
1351.94	0.00488305
1352.19	0.0097661
1352.44	0.00488305
1352.69	0.00488305
1352.94	0.00488305
1353.2	0.00488305
1353.45	0.00488305
1353.7	0
1353.95	0.0097661
1354.2	0.0097661
1354.45	0.00488305
1354.71	0.00488305
1354.96	0.00488305
1355.21	0
1355.46	0.0097661
1355.71	0
1355.96	0.00488305
1356.21	0
1356.47	0.0097661
1356.72	0.0097661
1356.97	0.00488305
1357.22	0.0097661
1357.47	0
1357.72	0.00488305
1357.98	0.00488305
1358.23	0.00488305
1358.48	0.0097661
1358.73	0.00488305
1358.98	0
1359.23	0.00488305
1359.48	0.0097661
1359.74	0.00488305
1359.99	0.0097661
1360.24	0
1360.49	0.0097661
1360.74	0.00488305
1360.99	0.00488305
1361.24	0.00488305
1361.5	0
1361.75	0.0097661
1362	0
1362.25	0
1362.5	0.00488305
1362.75	0
1363.01	0
1363.26	0
1363.51	0.00488305
1363.76	0.00488305
1364.01	0.00488305
1364.26	0.00488305
1364.51	0.00488305
1364.77	0
1365.02	0.0097661
1365.27	0
1365.52	0.00488305
1365.77	0.00488305
1366.02	0.0097661
1366.28	0
1366.53	0.00488305
1366.78	0.0097661
1367.03	0.00488305
1367.28	0
1367.53	0.00488305
1367.78	0.00488305
1368.04	0
1368.29	0.0097661
1368.54	0.00488305
1368.79	0
1369.04	0.00488305
1369.29	0.00488305
1369.55	0.0097661
1369.8	0.0097661
1370.05	0
1370.3	0.00488305
1370.55	0
1370.8	0.0146492
1371.05	0
1371.31	0.00488305
1371.56	0.00488305
1371.81	0
1372.06	0.00488305
1372.31	0.0097661
1372.56	0.0097661
1372.81	0.00488305
1373.07	0.00488305
1373.32	0
1373.57	0.0097661
1373.82	0
1374.07	0.0097661
1374.32	0.00488305
1374.58	0
1374.83	0
1375.08	0.00488305
1375.33	0.00488305
1375.58	0.0097661
1375.83	0
1376.08	0.0097661
1376.34	0
1376.59	0.00488305
1376.84	0
1377.09	0.0146492
1377.34	0
1377.59	0.00488305
1377.85	0.00488305
1378.1	0.00488305
1378.35	0
1378.6	0.0146492
1378.85	0
1379.1	0.00488305
1379.35	0.00488305
1379.61	0
1379.86	0.00488305
1380.11	0.0195322
1380.36	0.00488305
1380.61	0.00488305
1380.86	0.00488305
1381.12	0.0097661
1381.37	0
1381.62	0.00488305
1381.87	0
1382.12	0.0097661
1382.37	0
1382.62	0.00488305
1382.88	0
1383.13	0.00488305
1383.38	0.0097661
1383.63	0
1383.88	0
1384.13	0.0097661
1384.38	0.0097661
1384.64	0.0146492
1384.89	0.00488305
1385.14	0.0097661
1385.39	0.0097661
1385.64	0
1385.89	0
1386.15	0
1386.4	0.00488305
1386.65	0
1386.9	0.0146492
1387.15	0.0097661
1387.4	0.0146492
1387.65	0.00488305
1387.91	0.0097661
1388.16	0.0097661
1388.41	0.00488305
1388.66	0
1388.91	0
1389.16	0.00488305
1389.42	0
1389.67	0
1389.92	0
1390.17	0
1390.42	0.0097661
1390.67	0.00488305
1390.92	0.0097661
1391.18	0
1391.43	0.00488305
1391.68	0.0146492
1391.93	0.00488305
1392.18	0.00488305
1392.43	0.00488305
1392.68	0.00488305
1392.94	0.00488305
1393.19	0.00488305
1393.44	0
1393.69	0.0097661
1393.94	0.0097661
1394.19	0.00488305
1394.45	0.0097661
1394.7	0
1394.95	0.00488305
1395.2	0.00488305
1395.45	0
1395.7	0.0097661
1395.95	0.00488305
1396.21	0.0097661
1396.46	0.00488305
1396.71	0.00488305
1396.96	0.00488305
1397.21	0.00488305
1397.46	0.00488305
1397.72	0.00488305
1397.97	0
1398.22	0.0097661
1398.47	0.00488305
1398.72	0.0146492
1398.97	0
1399.22	0.00488305
1399.48	0.0097661
1399.73	0
1399.98	0
1400.23	0.00488305
1400.48	0
1400.73	0.0097661
1400.99	0.0097661
1401.24	0.00488305
1401.49	0
1401.74	0.00488305
1401.99	0
1402.24	0.0097661
1402.49	0
1402.75	0.00488305
1403	0
1403.25	0.00488305
1403.5	0.00488305
1403.75	0.00488305
1404	0.00488305
1404.25	0
1404.51	0.0097661
1404.76	0.0097661
1405.01	0.00488305
1405.26	0.00488305
1405.51	0
1405.76	0.00488305
1406.02	0.00488305
1406.27	0
1406.52	0.0097661
1406.77	0.0097661
1407.02	0.0097661
1407.27	0
1407.52	0
1407.78	0.00488305
1408.03	0.00488305
1408.28	0.00488305
1408.53	0
1408.78	0
1409.03	0
1409.29	0.00488305
1409.54	0.0146492
1409.79	0
1410.04	0.0097661
1410.29	0.0097661
1410.54	0
1410.79	0.0097661
1411.05	0.00488305
1411.3	0.00488305
1411.55	0
1411.8	0
1412.05	0.00488305
1412.3	0.00488305
1412.56	0.00488305
1412.81	0
1413.06	0
1413.31	0.00488305
1413.56	0
1413.81	0.00488305
1414.06	0.00488305
1414.32	0.00488305
1414.57	0.00488305
1414.82	0.0097661
1415.07	0.0097661
1415.32	0.0097661
1415.57	0.00488305
1415.82	0.00488305
1416.08	0
1416.33	0.0097661
1416.58	0
1416.83	0
1417.08	0.0097661
1417.33	0.00488305
1417.59	0.0097661
1417.84	0.00488305
1418.09	0.0097661
1418.34	0
1418.59	0.0146492
1418.84	0.00488305
1419.09	0.00488305
1419.35	0.00488305
1419.6	0.00488305
1419.85	0.00488305
1420.1	0
1420.35	0.0097661
1420.6	0
1420.86	0
1421.11	0.0097661
1421.36	0.0146492
1421.61	0
1421.86	0.0097661
1422.11	0.0146492
1422.36	0.0097661
1422.62	0.00488305
1422.87	0.0097661
1423.12	0.00488305
1423.37	0.00488305
1423.62	0
1423.87	0.00488305
1424.12	0.0097661
1424.38	0.0097661
1424.63	0.0097661
1424.88	0.0097661
1425.13	0.00488305
1425.38	0.00488305
1425.63	0.0097661
1425.89	0
1426.14	0
1426.39	0.0097661
1426.64	0.0097661
1426.89	0
1427.14	0.00488305
1427.39	0.00488305
1427.65	0.0097661
1427.9	0.00488305
1428.15	0.00488305
1428.4	0.0146492
1428.65	0.00488305
1428.9	0.0146492
1429.16	0
1429.41	0
1429.66	0.00488305
1429.91	0.0097661
1430.16	0
1430.41	0.00488305
1430.66	0.00488305
1430.92	0
1431.17	0.00488305
1431.42	0
1431.67	0.00488305
1431.92	0.00488305
1432.17	0.00488305
1432.43	0.00488305
1432.68	0
1432.93	0.00488305
1433.18	0
1433.43	0.00488305
1433.68	0.0097661
1433.93	0
1434.19	0
1434.44	0.00488305
1434.69	0
1434.94	0.00488305
1435.19	0.00488305
1435.44	0.0146492
1435.69	0.0097661
1435.95	0.00488305
1436.2	0.0146492
1436.45	0.0097661
1436.7	0.00488305
1436.95	0.00488305
1437.2	0
1437.46	0.0097661
1437.71	0
1437.96	0.00488305
1438.21	0.00488305
1438.46	0.00488305
1438.71	0.00488305
1438.96	0.00488305
1439.22	0.0097661
1439.47	0.0097661
1439.72	0.00488305
1439.97	0
1440.22	0.00488305
1440.47	0.0097661
1440.73	0.00488305
1440.98	0.0097661
1441.23	0
1441.48	0
1441.73	0.00488305
1441.98	0
1442.23	0
1442.49	0
1442.74	0
1442.99	0.0097661
1443.24	0.0097661
1443.49	0.0097661
1443.74	0.0097661
1444	0
1444.25	0.00488305
1444.5	0
1444.75	0.0097661
1445	0.00488305
1445.25	0
1445.5	0
1445.76	0.00488305
1446.01	0.00488305
1446.26	0.00488305
1446.51	0.0097661
1446.76	0.0146492
1447.01	0.00488305
1447.26	0.0097661
1447.52	0
1447.77	0
1448.02	0.00488305
1448.27	0
1448.52	0
1448.77	0.0146492
1449.03	0.00488305
1449.28	0.00488305
1449.53	0.00488305
1449.78	0.00488305
1450.03	0.00488305
1450.28	0.0097661
1450.53	0.00488305
1450.79	0.00488305
1451.04	0.00488305
1451.29	0.0097661
1451.54	0.00488305
1451.79	0.0097661
1452.04	0.00488305
1452.3	0.00488305
1452.55	0
1452.8	0.00488305
1453.05	0.0097661
1453.3	0.00488305
1453.55	0.00488305
1453.8	0.00488305
1454.06	0.0146492
1454.31	0.00488305
1454.56	0.00488305
1454.81	0.00488305
1455.06	0.00488305
1455.31	0.0097661
1455.56	0.0097661
1455.82	0.00488305
1456.07	0.0097661
1456.32	0.00488305
1456.57	0.00488305
1456.82	0.0146492
1457.07	0.00488305
1457.33	0
1457.58	0.0097661
1457.83	0
1458.08	0
1458.33	0.00488305
1458.58	0.00488305
1458.83	0.00488305
1459.09	0.00488305
1459.34	0
1459.59	0.0146492
1459.84	0
1460.09	0.0097661
1460.34	0
1460.6	0.0195322
1460.85	0
1461.1	0
1461.35	0
1461.6	0.0146492
1461.85	0
1462.1	0.00488305
1462.36	0.00488305
1462.61	0.00488305
1462.86	0.00488305
1463.11	0
1463.36	0.00488305
1463.61	0.00488305
1463.87	0.00488305
1464.12	0.00488305
1464.37	0.00488305
1464.62	0.0097661
1464.87	0.0097661
1465.12	0.00488305
1465.37	0
1465.63	0.00488305
1465.88	0
1466.13	0.00488305
1466.38	0.0146492
1466.63	0.00488305
1466.88	0.0097661
1467.13	0.0097661
1467.39	0.00488305
1467.64	0.0097661
1467.89	0.00488305
1468.14	0.00488305
1468.39	0
1468.64	0
1468.9	0
1469.15	0
1469.4	0.00488305
1469.65	0
1469.9	0.00488305
1470.15	0
1470.4	0.00488305
1470.66	0.00488305
1470.91	0.00488305
1471.16	0.0146492
1471.41	0
1471.66	0.00488305
1471.91	0.00488305
1472.17	0.00488305
1472.42	0
1472.67	0.00488305
1472.92	0
1473.17	0.00488305
1473.42	0
1473.67	0.00488305
1473.93	0
1474.18	0
1474.43	0.0097661
1474.68	0.0097661
1474.93	0.00488305
1475.18	0.00488305
1475.44	0.00488305
1475.69	0.00488305
1475.94	0
1476.19	0.00488305
1476.44	0
1476.69	0.00488305
1476.94	0.0097661
1477.2	0
1477.45	0
1477.7	0
1477.95	0.00488305
1478.2	0.00488305
1478.45	0.00488305
1478.7	0.00488305
1478.96	0
1479.21	0.00488305
1479.46	0
1479.71	0.0097661
1479.96	0.0146492
1480.21	0.00488305
1480.47	0.00488305
1480.72	0.00488305
1480.97	0
1481.22	0.00488305
1481.47	0.00488305
1481.72	0.00488305
1481.97	0.0146492
1482.23	0
1482.48	0.0097661
1482.73	0.0097661
1482.98	0.00488305
1483.23	0.0097661
1483.48	0.00488305
1483.74	0.00488305
1483.99	0.00488305
1484.24	0.0146492
1484.49	0.0097661
1484.74	0.00488305
1484.99	0.00488305
1485.24	0.00488305
1485.5	0.00488305
1485.75	0.0146492
1486	0
1486.25	0.0097661
1486.5	0
1486.75	0.00488305
1487	0
1487.26	0.00488305
1487.51	0.00488305
1487.76	0.00488305
1488.01	0
1488.26	0
1488.51	0
1488.77	0.00488305
1489.02	0.00488305
1489.27	0.0097661
1489.52	0
1489.77	0.00488305
1490.02	0.0146492
1490.27	0.00488305
1490.53	0.0097661
1490.78	0
1491.03	0
1491.28	0.00488305
1491.53	0.00488305
1491.78	0.0097661
1492.04	0
1492.29	0.00488305
1492.54	0.00488305
1492.79	0.0097661
1493.04	0
1493.29	0
1493.54	0
1493.8	0.00488305
1494.05	0
1494.3	0
1494.55	0.00488305
1494.8	0.00488305
1495.05	0
1495.31	0.00488305
1495.56	0.0146492
1495.81	0.00488305
1496.06	0.00488305
1496.31	0.00488305
1496.56	0.0097661
1496.81	0.0097661
1497.07	0
1497.32	0
1497.57	0
1497.82	0.00488305
1498.07	0.00488305
1498.32	0.00488305
1498.57	0.0097661
1498.83	0.00488305
1499.08	0.00488305
1499.33	0.00488305
1499.58	0.0097661
1499.83	0.0146492
1500.08	0.00488305
1500.34	0.00488305
1500.59	0
1500.84	0.00488305
1501.09	0.00488305
1501.34	0.0097661
1501.59	0.0097661
1501.84	0.00488305
1502.1	0.00488305
1502.35	0
1502.6	0.00488305
1502.85	0.00488305
1503.1	0.00488305
1503.35	0
1503.61	0.0146492
1503.86	0
1504.11	0.00488305
1504.36	0.00488305
1504.61	0
1504.86	0.00488305
1505.11	0
1505.37	0.0146492
1505.62	0.00488305
1505.87	0.0097661
1506.12	0.00488305
1506.37	0
1506.62	0.00488305
1506.88	0
1507.13	0
1507.38	0.00488305
1507.63	0.00488305
1507.88	0.00488305
1508.13	0.00488305
1508.38	0.00488305
1508.64	0.0097661
1508.89	0.00488305
1509.14	0
