------------------------

T2 Curve Fit Results
05.07.2019 15:44
------------------------

------------------------
Pulse Separ.  : 0.100 ms
Data Points   : 3000
Dummy Echoes  : 0
Expon. Order  : 1
Modifications : 0
Storing Data  : 0
------------------------



------------------------
SampleId: '1'
------------------------
Amplitude  :     43.4  %
         +/-      0.3  %
T2         :     14.5 ms
         +/-      0.1 ms
Offset     :     0.95  %
         +/-     0.02  %
------------------------

Bruker BioSpin GmbH: the minispec
DataType=1
DataLimits=0.27056,755.059,3000
DataUnit=ms,%
c:\users\bruker\documents\joao_ambrozetto\cpmg-amostraporb\amostraporb_cpmg.app
05.07.2019 15:48:14

0.27056	74.696
0.52224	63.9924
0.77392	57.8153
1.0256	51.4332
1.27728	47.7123
1.52896	43.6642
1.78064	41.252
2.03232	38.6152
2.284	37.2235
2.53568	34.9578
2.78736	34.3523
3.03904	32.5358
3.29072	31.7349
3.5424	30.3189
3.79408	29.977
4.04576	28.8832
4.29744	28.6733
4.54912	27.6234
4.8008	27.3597
5.05248	26.4661
5.30416	26.3831
5.55584	25.5725
5.80752	25.0745
6.0592	24.6936
6.31088	24.1516
6.56256	23.7902
6.81424	23.6828
7.06592	23.1457
7.3176	22.8136
7.56928	22.5548
7.82096	21.9444
8.07264	21.5343
8.32432	21.4952
8.576	20.9629
8.82768	20.7969
9.07936	20.5918
9.33104	20.4844
9.58272	20.0596
9.8344	19.6006
10.0861	19.5029
10.3378	19.0585
10.5894	19.0878
10.8411	18.829
11.0928	18.4775
11.3445	18.0575
11.5962	18.0136
11.8478	17.6718
12.0995	17.2469
12.3512	17.2469
12.6029	16.7684
12.8546	17.076
13.1062	16.6952
13.3579	16.5731
13.6096	16.2557
13.8613	16.0359
14.113	16.0164
14.3646	15.6599
14.6163	15.4402
14.868	14.9568
15.1197	14.9031
15.3714	14.8494
15.623	14.5954
15.8747	14.3806
16.1264	14.322
16.3781	14.1413
16.6298	14.2439
16.8814	13.8434
17.1331	13.5016
17.3848	13.5456
17.6365	13.8288
17.8882	13.277
18.1398	13.1208
18.3915	12.8766
18.6432	12.8424
18.8949	12.486
19.1466	12.6471
19.3982	12.569
19.6499	12.1539
19.9016	11.9049
20.1533	11.7877
20.405	11.5924
20.6566	11.6461
20.9083	11.2359
21.16	11.2896
21.4117	11.4947
21.6634	11.3726
21.915	10.9673
22.1667	11.1334
22.4184	10.5474
22.6701	10.9185
22.9218	10.7622
23.1734	10.3521
23.4251	10.4986
23.6768	10.4009
23.9285	9.79052
24.1802	10.1128
24.4318	9.83935
24.6835	9.95654
24.9352	9.56101
25.1869	9.58543
25.4386	9.5073
25.6902	9.81493
25.9419	9.14107
26.1936	9.15084
26.4453	9.17037
26.697	8.86762
26.9486	9.20943
27.2003	8.77973
27.452	8.78949
27.7037	8.96528
27.9554	8.69671
28.207	8.63812
28.4587	8.29142
28.7104	8.53069
28.9621	8.18888
29.2138	8.09122
29.4654	8.05703
29.7171	8.42326
29.9688	7.82265
30.2205	7.92519
30.4722	7.76893
30.7238	7.83241
30.9755	7.63709
31.2272	7.63221
31.4789	7.64197
31.7306	7.67127
31.9822	7.66639
32.2339	7.18785
32.4856	7.32458
32.7373	7.13902
32.989	7.34899
33.2406	7.10972
33.4923	7.0023
33.744	7.13902
33.9957	6.79721
34.2474	6.87045
34.499	6.77767
34.7507	6.69955
35.0024	6.83139
35.2541	6.79232
35.5058	6.64583
35.7574	6.45539
36.0091	6.28937
36.2608	6.27472
36.5125	6.55794
36.7642	6.18683
37.0158	6.25519
37.2675	5.86454
37.5192	6.11846
37.7709	5.93779
38.0226	6.23077
38.2742	6.00127
38.5259	6.11846
38.7776	5.63016
39.0293	5.81083
39.281	5.72294
39.5326	5.60574
39.7843	5.82548
40.036	5.55203
40.2877	5.33717
40.5394	5.61551
40.791	5.40554
41.0427	5.35182
41.2944	5.4446
41.5461	5.34206
41.7978	5.16138
42.0494	5.28834
42.3011	5.2444
42.5528	4.96606
42.8045	5.5618
43.0562	5.00024
43.3078	5.23463
43.5595	4.99048
43.8112	4.91723
44.0629	5.17115
44.3146	4.96118
44.5662	5.1272
44.8179	4.85375
45.0696	4.82445
45.3213	4.94653
45.573	4.65843
45.8246	4.88793
46.0763	4.49729
46.328	4.58518
46.5797	4.52171
46.8314	4.551
47.083	4.60472
47.3347	4.54612
47.5864	4.46311
47.8381	4.62425
48.0898	4.35568
48.3414	4.31173
48.5931	4.0334
48.8448	4.08223
49.0965	4.23849
49.3482	4.17501
49.5998	4.18966
49.8515	4.10665
50.1032	4.11641
50.3549	4.0334
50.6066	4.27267
50.8582	3.7746
51.1099	4.19942
51.3616	3.98945
51.6133	3.82343
51.865	3.75018
52.1166	4.08223
52.3683	4.0334
52.62	3.89667
52.8717	4.092
53.1234	3.96015
53.375	3.80878
53.6267	3.74042
53.8784	3.93574
54.1301	3.60369
54.3818	3.55486
54.6334	3.81366
54.8851	3.49626
55.1368	3.53533
55.3885	3.52068
55.6402	3.81366
55.8918	3.59393
56.1435	3.52068
56.3952	3.67694
56.6469	3.47673
56.8986	3.41814
57.1502	3.28141
57.4019	3.47673
57.6536	3.14957
57.9053	3.46697
58.157	3.13004
58.4086	3.38884
58.6603	3.28141
58.912	3.10562
59.1637	3.25699
59.4154	3.52068
59.667	3.66229
59.9187	3.18375
60.1704	3.10074
60.4221	3.21793
60.6738	3.2277
60.9254	3.11539
61.1771	2.89077
61.4288	3.00796
61.6805	3.23258
61.9322	3.13004
62.1838	3.03726
62.4355	3.00796
62.6872	2.90542
62.9389	2.9103
63.1906	2.94936
63.4422	3.18863
63.6939	2.94936
63.9456	2.881
64.1973	2.79799
64.449	2.72963
64.7006	3.24235
64.9523	2.79311
65.204	3.04702
65.4557	2.66615
65.7074	2.90542
65.959	2.90053
66.2107	2.81264
66.4624	2.44641
66.7141	2.71986
66.9658	2.96401
67.2174	2.74427
67.4691	2.97866
67.7208	2.43176
67.9725	2.72963
68.2242	2.69544
68.4758	2.74427
68.7275	2.50012
68.9792	2.73939
69.2309	2.5343
69.4826	2.58313
69.7342	2.55872
69.9859	2.64661
70.2376	2.43176
70.4893	2.58802
70.741	2.19249
70.9926	2.70033
71.2443	2.48547
71.496	2.51965
71.7477	2.51965
71.9994	2.31457
72.251	2.2462
72.5027	2.48547
72.7544	2.77357
73.0061	2.2462
73.2578	2.12413
73.5094	2.51965
73.7611	2.29015
74.0128	2.58802
74.2645	2.2755
74.5162	2.55872
74.7678	2.17784
75.0195	2.58313
75.2712	2.36828
75.5229	2.28038
75.7746	2.16319
76.0262	2.01182
76.2779	2.2755
76.5296	2.37805
76.7813	2.08018
77.033	2.32922
77.2846	2.10459
77.5363	2.0753
77.788	2.11436
78.0397	2.2755
78.2914	2.01182
78.543	1.94345
78.7947	2.27062
79.0464	2.13389
79.2981	2.56848
79.5498	2.26574
79.8014	2.10948
80.0531	2.10948
80.3048	1.93857
80.5565	2.0753
80.8082	1.99717
81.0598	1.88974
81.3115	1.95322
81.5632	1.67489
81.8149	1.9581
82.0666	1.96299
82.3182	1.96787
82.5699	1.97275
82.8216	1.79208
83.0733	2.13878
83.325	2.12413
83.5766	2.15343
83.8283	2.19249
84.08	1.9874
84.3317	1.7286
84.5834	1.84579
84.835	2.17784
85.0867	2.15343
85.3384	1.88486
85.5901	1.71883
85.8418	1.94834
86.0934	2.19737
86.3451	2.046
86.5968	2.0167
86.8485	2.03135
87.1002	1.85556
87.3518	1.86533
87.6035	1.7286
87.8552	2.03623
88.1069	2.12901
88.3586	1.97275
88.6102	1.7872
88.8619	1.90927
89.1136	1.79208
89.3653	1.86533
89.617	1.94345
89.8686	1.84091
90.1203	1.73348
90.372	1.90927
90.6237	1.70907
90.8754	1.71883
91.127	1.66512
91.3787	1.94834
91.6304	1.67977
91.8821	1.87509
92.1338	1.65535
92.3854	1.46492
92.6371	1.88486
92.8888	1.80673
93.1405	1.69442
93.3922	1.82626
93.6438	2.14854
93.8955	1.75302
94.1472	1.36237
94.3989	1.93369
94.6506	1.54793
94.9022	1.7579
95.1539	1.48933
95.4056	1.79696
95.6573	1.78231
95.909	1.77255
96.1606	1.47468
96.4123	1.52351
96.664	1.60652
96.9157	1.74813
97.1674	1.34772
97.419	1.65047
97.6707	1.49421
97.9224	1.62117
98.1741	1.63582
98.4258	1.82138
98.6774	1.85556
98.9291	1.57234
99.1808	1.55769
99.4325	1.75302
99.6842	1.62606
99.9358	1.63094
100.188	1.68954
100.439	1.60164
100.691	1.74813
100.943	1.70418
101.194	1.33307
101.446	1.54793
101.698	1.67977
101.949	1.53816
102.201	1.6993
102.453	1.211
102.704	1.83114
102.956	1.6993
103.208	1.7286
103.459	1.54793
103.711	1.41608
103.963	1.62606
104.214	1.66512
104.466	1.7872
104.718	1.48445
104.969	1.53816
105.221	1.45027
105.473	1.47468
105.724	1.39655
105.976	1.33796
106.228	1.48445
106.48	1.66512
106.731	1.40632
106.983	1.15728
107.235	1.50886
107.486	1.4698
107.738	1.30377
107.99	1.6993
108.241	1.4698
108.493	1.42585
108.745	1.37214
108.996	1.40632
109.248	1.76278
109.5	1.59676
109.751	1.74325
110.003	1.52351
110.255	1.42585
110.506	1.51863
110.758	1.49421
111.01	1.79208
111.261	1.24518
111.513	1.42585
111.765	1.29401
112.016	1.52351
112.268	1.59187
112.52	1.53328
112.772	1.34772
113.023	1.64559
113.275	1.63094
113.527	1.37214
113.778	1.29401
114.03	1.47956
114.282	1.11822
114.533	1.211
114.785	1.4991
115.037	1.65535
115.288	1.12798
115.54	1.59676
115.792	1.39655
116.043	1.30377
116.295	1.30377
116.547	1.45027
116.798	1.35261
117.05	1.67489
117.302	1.60652
117.553	1.44538
117.805	1.45027
118.057	1.52839
118.308	1.27936
118.56	1.4112
118.812	1.46003
119.064	1.29889
119.315	1.27448
119.567	1.19146
119.819	1.55769
120.07	1.13287
120.322	1.49421
120.574	1.35261
120.825	1.64071
121.077	1.49421
121.329	1.53816
121.58	1.45027
121.832	1.30377
122.084	1.41608
122.335	1.4698
122.587	1.17193
122.839	1.40144
123.09	1.30866
123.342	1.4405
123.594	1.49421
123.845	1.09869
124.097	1.47956
124.349	1.50398
124.6	1.24518
124.852	1.54793
125.104	1.53816
125.356	1.66512
125.607	1.26959
125.859	1.54304
126.111	1.26471
126.362	1.08892
126.614	1.30866
126.866	1.24518
127.117	1.24518
127.369	1.60164
127.621	1.4112
127.872	1.06939
128.124	1.25494
128.376	1.28913
128.627	1.42585
128.879	1.32331
129.131	1.3819
129.382	1.26471
129.634	1.28913
129.886	1.211
130.137	1.27936
130.389	1.37214
130.641	1.33307
130.892	1.35261
131.144	1.53816
131.396	1.1231
131.648	1.22565
131.899	1.31842
132.151	1.05474
132.403	1.51863
132.654	1.12798
132.906	1.32819
133.158	1.53328
133.409	1.22565
133.661	1.19635
133.913	1.10845
134.164	1.20611
134.416	1.22076
134.668	1.55769
134.919	1.19635
135.171	1.13775
135.423	1.29889
135.674	1.26471
135.926	1.08892
136.178	1.01079
136.429	1.24518
136.681	1.00591
136.933	1.40144
137.184	1.14263
137.436	1.08892
137.688	1.10357
137.94	1.25006
138.191	1.15728
138.443	1.40632
138.695	1.14263
138.946	1.20123
139.198	0.991259
139.45	1.33796
139.701	1.34284
139.953	1.1817
140.205	0.737341
140.456	1.20123
140.708	1.19146
140.96	1.32819
141.211	1.3819
141.463	1.16705
141.715	1.16705
141.966	1.18658
142.218	1.23053
142.47	0.966844
142.721	1.05962
142.973	1.18658
143.225	1.46003
143.476	1.211
143.728	1.19146
143.98	1.0938
144.232	1.08404
144.483	1.20611
144.735	1.35749
144.987	1.23541
145.238	1.13775
145.49	1.28913
145.742	1.3819
145.993	1.51375
146.245	1.32331
146.497	1.24518
146.748	0.883832
147	0.942429
147.252	1.29401
147.503	1.39655
147.755	1.03521
148.007	1.14263
148.258	1.1817
148.51	0.991259
148.762	0.966844
149.013	1.22565
149.265	0.961961
149.517	1.22565
149.768	1.11334
150.02	0.952195
150.272	1.02544
150.524	1.01079
150.775	1.14752
151.027	1.18658
151.279	1.31842
151.53	1.34284
151.782	1.08892
152.034	1.1524
152.285	0.966844
152.537	1.17682
152.789	0.957078
153.04	1.26471
153.292	1.1817
153.544	1.17682
153.795	1.1817
154.047	1.11334
154.299	0.97661
154.55	1.211
154.802	1.16217
155.054	1.1231
155.305	1.17193
155.557	1.32331
155.809	1.0938
156.06	0.913131
156.312	1.25494
156.564	1.09869
156.816	1.33796
157.067	1.1817
157.319	1.13775
157.571	1.09869
157.822	1.20123
158.074	1.25983
158.326	0.92778
158.577	1.09869
158.829	1.03032
159.081	1.02544
159.332	1.23541
159.584	1.10845
159.836	0.957078
160.087	1.05474
160.339	1.14752
160.591	1.30377
160.842	1.1231
161.094	1.01079
161.346	1.16705
161.597	1.05962
161.849	1.23541
162.101	1.53816
162.352	0.97661
162.604	0.986376
162.856	1.33796
163.108	1.14263
163.359	1.31842
163.611	0.996142
163.863	0.918014
164.114	0.810586
164.366	1.1231
164.618	1.21588
164.869	1.10357
165.121	1.06939
165.373	1.08892
165.624	1.36725
165.876	1.02056
166.128	1.08892
166.379	1.1524
166.631	1.29401
166.883	1.19635
167.134	1.29401
167.386	1.1817
167.638	1.03521
167.889	0.839885
168.141	1.09869
168.393	1.17193
168.644	1.12798
168.896	1.1524
169.148	1.15728
169.4	1.211
169.651	1.44538
169.903	1.30866
170.155	0.878949
170.406	0.908247
170.658	1.09869
170.91	1.12798
171.161	1.0938
171.413	1.03032
171.665	0.961961
171.916	1.04497
172.168	0.888715
172.42	1.02056
172.671	1.0938
172.923	1.17682
173.175	1.02056
173.426	1.08892
173.678	1.05962
173.93	1.19635
174.181	1.01079
174.433	0.986376
174.685	0.898481
174.936	1.03032
175.188	0.883832
175.44	1.21588
175.692	1.02544
175.943	1.05474
176.195	0.791054
176.447	1.23053
176.698	1.06939
176.95	1.16705
177.202	1.23053
177.453	0.869183
177.705	0.854534
177.957	1.10845
178.208	1.45027
178.46	1.26471
178.712	1.16705
178.963	1.1817
179.215	1.05474
179.467	0.781288
179.718	0.922897
179.97	1.1231
180.222	1.11334
180.473	0.727575
180.725	1.0938
180.977	0.75199
181.228	1.13775
181.48	0.971727
181.732	1.24029
181.984	1.1231
182.235	1.25006
182.487	1.20611
182.739	1.04986
182.99	1.14752
183.242	1.20611
183.494	1.26959
183.745	1.12798
183.997	0.92778
184.249	1.08892
184.5	0.51272
184.752	1.00103
185.004	1.00591
185.255	0.810586
185.507	0.854534
185.759	0.75199
186.01	0.957078
186.262	0.947312
186.514	1.32331
186.765	1.20123
187.017	1.26959
187.269	0.532253
187.52	1.04009
187.772	0.952195
188.024	1.10357
188.276	0.991259
188.527	1.09869
188.779	1.05474
189.031	1.03032
189.282	1.05962
189.534	1.01079
189.786	1.35749
190.037	0.942429
190.289	1.08892
190.541	1.03521
190.792	1.22565
191.044	1.00103
191.296	0.903364
191.547	0.932663
191.799	0.991259
192.051	1.26471
192.302	0.859417
192.554	1.04497
192.806	1.09869
193.057	0.991259
193.309	1.03032
193.561	1.19146
193.812	1.1817
194.064	1.07427
194.316	1.19146
194.568	1.26959
194.819	1.02544
195.071	1.22076
195.323	1.16217
195.574	1.21588
195.826	0.795937
196.078	0.898481
196.329	0.869183
196.581	0.922897
196.833	0.771522
197.084	1.22565
197.336	0.849651
197.588	1.14263
197.839	1.14263
198.091	0.825236
198.343	0.942429
198.594	1.18658
198.846	0.825236
199.098	1.43073
199.349	0.898481
199.601	1.03032
199.853	1.03521
200.104	1.09869
200.356	0.883832
200.608	1.25006
200.86	1.13287
201.111	1.05962
201.363	1.1524
201.615	1.04009
201.866	1.1817
202.118	0.869183
202.37	0.766639
202.621	0.81547
202.873	1.01079
203.125	1.16217
203.376	0.883832
203.628	0.971727
203.88	0.952195
204.131	1.04497
204.383	0.776405
204.635	0.80082
204.886	1.04986
205.138	1.11822
205.39	0.986376
205.641	0.898481
205.893	1.08404
206.145	1.08404
206.396	1.12798
206.648	0.8643
206.9	1.03032
207.152	0.849651
207.403	1.02056
207.655	1.23053
207.907	0.747107
208.158	0.75199
208.41	0.97661
208.662	0.654329
208.913	1.15728
209.165	1.04497
209.417	0.898481
209.668	0.820353
209.92	0.727575
210.172	1.11334
210.423	0.859417
210.675	1.13775
210.927	0.92778
211.178	0.849651
211.43	1.02056
211.682	1.25494
211.933	0.932663
212.185	0.795937
212.437	1.06451
212.688	1.13287
212.94	0.932663
213.192	1.07915
213.444	0.883832
213.695	0.92778
213.947	1.28913
214.199	1.01567
214.45	1.07427
214.702	0.68851
214.954	0.81547
215.205	0.854534
215.457	0.874066
215.709	1.00103
215.96	0.97661
216.212	0.92778
216.464	0.918014
216.715	1.04986
216.967	1.04009
217.219	1.16217
217.47	0.888715
217.722	0.805703
217.974	0.75199
218.225	1.04986
218.477	0.888715
218.729	1.05962
218.98	1.14752
219.232	0.874066
219.484	1.15728
219.736	1.06939
219.987	1.28913
220.239	0.922897
220.491	0.786171
220.742	0.913131
220.994	1.04497
221.246	0.581083
221.497	1.20611
221.749	0.937546
222.001	1.10357
222.252	0.761756
222.504	0.947312
222.756	0.874066
223.007	0.712925
223.259	1.03521
223.511	0.986376
223.762	0.932663
224.014	0.830119
224.266	1.29889
224.517	0.844768
224.769	1.23053
225.021	1.22076
225.272	1.17682
225.524	1.06451
225.776	0.981493
226.028	0.795937
226.279	0.849651
226.531	0.747107
226.783	0.883832
227.034	0.668978
227.286	0.952195
227.538	0.805703
227.789	1.10357
228.041	0.888715
228.293	1.01567
228.544	0.766639
228.796	0.766639
229.048	1.00103
229.299	0.942429
229.551	0.92778
229.803	1.08404
230.054	1.04497
230.306	0.986376
230.558	0.571317
230.809	0.918014
231.061	0.810586
231.313	0.766639
231.564	1.04497
231.816	0.874066
232.068	1.10845
232.32	0.981493
232.571	1.01079
232.823	1.10357
233.075	1.00591
233.326	1.04009
233.578	0.986376
233.83	0.795937
234.081	0.952195
234.333	0.991259
234.585	0.888715
234.836	1.04986
235.088	1.25983
235.34	0.849651
235.591	0.947312
235.843	0.893598
236.095	1.02056
236.346	0.996142
236.598	0.97661
236.85	0.820353
237.101	0.942429
237.353	1.11822
237.605	0.971727
237.856	0.991259
238.108	0.63968
238.36	0.888715
238.612	0.996142
238.863	0.649446
239.115	0.878949
239.367	0.92778
239.618	0.693393
239.87	0.8643
240.122	0.903364
240.373	0.859417
240.625	1.02544
240.877	0.966844
241.128	0.776405
241.38	0.874066
241.632	1.13775
241.883	0.727575
242.135	0.737341
242.387	1.07427
242.638	0.8643
242.89	1.1524
243.142	0.844768
243.393	0.942429
243.645	0.810586
243.897	1.03032
244.148	0.97661
244.4	0.795937
244.652	0.947312
244.904	1.01079
245.155	0.830119
245.407	0.908247
245.659	0.869183
245.91	0.908247
246.162	1.07427
246.414	1.01079
246.665	1.10845
246.917	0.781288
247.169	0.952195
247.42	0.68851
247.672	0.922897
247.924	0.92778
248.175	0.835002
248.427	0.947312
248.679	0.913131
248.93	0.844768
249.182	0.75199
249.434	0.776405
249.685	0.80082
249.937	0.859417
250.189	1.03521
250.44	0.805703
250.692	1.05474
250.944	1.10357
251.196	1.14263
251.447	0.922897
251.699	0.961961
251.951	0.820353
252.202	1.04497
252.454	0.92778
252.706	0.918014
252.957	0.747107
253.209	0.981493
253.461	0.947312
253.712	0.898481
253.964	0.996142
254.216	1.02056
254.467	0.971727
254.719	1.13775
254.971	0.786171
255.222	1.1231
255.474	1.14263
255.726	0.761756
255.977	0.991259
256.229	0.97661
256.481	0.668978
256.732	0.874066
256.984	0.986376
257.236	0.903364
257.488	0.893598
257.739	0.913131
257.991	0.712925
258.243	0.795937
258.494	0.903364
258.746	0.703159
258.998	0.756873
259.249	0.791054
259.501	1.211
259.753	0.805703
260.004	1.04497
260.256	0.825236
260.508	0.947312
260.759	0.888715
261.011	0.869183
261.263	0.908247
261.514	0.703159
261.766	0.737341
262.018	1.17193
262.269	0.922897
262.521	1.03032
262.773	0.942429
263.024	0.874066
263.276	0.874066
263.528	1.10357
263.78	0.932663
264.031	0.68851
264.283	1.04497
264.535	0.644563
264.786	1.07427
265.038	0.971727
265.29	0.805703
265.541	0.742224
265.793	0.92778
266.045	0.888715
266.296	0.786171
266.548	0.981493
266.8	0.966844
267.051	1.20123
267.303	1.01567
267.555	1.16217
267.806	1.1524
268.058	0.81547
268.31	1.07915
268.561	0.991259
268.813	0.859417
269.065	0.981493
269.316	0.771522
269.568	1.03032
269.82	1.03032
270.072	0.781288
270.323	0.566434
270.575	0.839885
270.827	0.835002
271.078	0.849651
271.33	0.898481
271.582	1.21588
271.833	1.09869
272.085	1.05474
272.337	0.97661
272.588	1.00591
272.84	0.839885
273.092	0.937546
273.343	0.922897
273.595	0.668978
273.847	0.668978
274.098	1.09869
274.35	0.869183
274.602	0.986376
274.853	1.02544
275.105	0.878949
275.357	0.942429
275.608	1.00103
275.86	1.1231
276.112	0.839885
276.364	0.649446
276.615	0.786171
276.867	0.957078
277.119	0.722692
277.37	0.913131
277.622	0.771522
277.874	0.942429
278.125	0.786171
278.377	0.722692
278.629	0.961961
278.88	0.610381
279.132	0.8643
279.384	0.747107
279.635	0.615264
279.887	0.668978
280.139	1.12798
280.39	0.966844
280.642	1.06451
280.894	0.810586
281.145	0.854534
281.397	0.805703
281.649	0.795937
281.9	0.659212
282.152	0.395527
282.404	0.776405
282.656	0.600615
282.907	0.908247
283.159	0.942429
283.411	1.01567
283.662	0.80082
283.914	0.898481
284.166	0.991259
284.417	0.996142
284.669	0.8643
284.921	1.14752
285.172	0.966844
285.424	0.561551
285.676	1.02056
285.927	0.869183
286.179	0.781288
286.431	0.97661
286.682	0.708042
286.934	0.966844
287.186	0.961961
287.437	0.991259
287.689	0.766639
287.941	1.07915
288.192	0.893598
288.444	0.898481
288.696	0.742224
288.948	0.5762
289.199	0.620147
289.451	0.991259
289.703	0.810586
289.954	0.791054
290.206	0.908247
290.458	0.932663
290.709	0.786171
290.961	0.805703
291.213	0.8643
291.464	0.996142
291.716	1.04009
291.968	0.678744
292.219	1.08892
292.471	0.883832
292.723	0.839885
292.974	1.03521
293.226	0.761756
293.478	1.02056
293.729	0.668978
293.981	0.81547
294.233	0.732458
294.484	0.92778
294.736	0.913131
294.988	0.546902
295.24	0.605498
295.491	0.75199
295.743	1.06939
295.995	1.06939
296.246	1.04009
296.498	1.01567
296.75	0.581083
297.001	0.693393
297.253	0.903364
297.505	0.830119
297.756	0.756873
298.008	0.839885
298.26	0.913131
298.511	0.615264
298.763	0.742224
299.015	0.693393
299.266	0.737341
299.518	0.971727
299.77	0.747107
300.021	0.776405
300.273	0.615264
300.525	0.756873
300.776	0.835002
301.028	0.922897
301.28	0.869183
301.532	1.03032
301.783	0.81547
302.035	0.97661
302.287	0.717808
302.538	0.981493
302.79	0.698276
303.042	0.908247
303.293	1.00591
303.545	0.986376
303.797	0.874066
304.048	0.693393
304.3	0.625031
304.552	0.805703
304.803	0.893598
305.055	0.791054
305.307	0.893598
305.558	0.883832
305.81	0.869183
306.062	0.786171
306.313	0.966844
306.565	0.893598
306.817	0.791054
307.068	0.918014
307.32	0.791054
307.572	0.654329
307.824	0.854534
308.075	0.761756
308.327	0.668978
308.579	0.859417
308.83	0.654329
309.082	0.8643
309.334	0.844768
309.585	1.03032
309.837	1.01079
310.089	0.80082
310.34	0.620147
310.592	0.683627
310.844	0.600615
311.095	0.712925
311.347	0.839885
311.599	0.903364
311.85	0.737341
312.102	0.908247
312.354	0.678744
312.605	0.913131
312.857	0.581083
313.109	0.966844
313.36	0.898481
313.612	0.957078
313.864	0.825236
314.116	0.825236
314.367	0.791054
314.619	1.07915
314.871	0.869183
315.122	1.19635
315.374	1.02544
315.626	0.781288
315.877	0.952195
316.129	0.732458
316.381	0.893598
316.632	0.68851
316.884	0.791054
317.136	0.732458
317.387	0.942429
317.639	0.844768
317.891	0.8643
318.142	0.664095
318.394	1.02544
318.646	0.659212
318.897	0.717808
319.149	0.747107
319.401	0.878949
319.652	0.703159
319.904	0.786171
320.156	0.649446
320.408	0.8643
320.659	0.908247
320.911	0.693393
321.163	0.961961
321.414	1.01079
321.666	0.908247
321.918	0.654329
322.169	0.849651
322.421	0.820353
322.673	0.590849
322.924	0.600615
323.176	0.615264
323.428	1.14263
323.679	0.766639
323.931	0.971727
324.183	0.81547
324.434	0.717808
324.686	0.805703
324.938	0.698276
325.189	0.957078
325.441	0.825236
325.693	0.620147
325.944	0.673861
326.196	0.81547
326.448	0.791054
326.7	0.795937
326.951	1.00103
327.203	0.708042
327.455	0.786171
327.706	0.92778
327.958	1.04009
328.21	0.893598
328.461	0.981493
328.713	0.722692
328.965	0.97661
329.216	0.678744
329.468	0.830119
329.72	0.771522
329.971	0.942429
330.223	0.825236
330.475	0.947312
330.726	0.888715
330.978	0.698276
331.23	1.12798
331.481	0.825236
331.733	0.756873
331.985	1.00591
332.236	0.732458
332.488	0.805703
332.74	0.820353
332.992	0.747107
333.243	0.844768
333.495	0.971727
333.747	1.04986
333.998	0.722692
334.25	0.698276
334.502	1.04009
334.753	0.92778
335.005	0.732458
335.257	0.932663
335.508	0.825236
335.76	0.844768
336.012	0.791054
336.263	0.830119
336.515	0.600615
336.767	0.786171
337.018	0.766639
337.27	0.502954
337.522	0.80082
337.773	0.546902
338.025	0.97661
338.277	0.878949
338.528	1.01079
338.78	0.8643
339.032	0.668978
339.284	0.566434
339.535	0.556668
339.787	0.981493
340.039	1.19635
340.29	0.874066
340.542	0.835002
340.794	0.732458
341.045	0.737341
341.297	0.673861
341.549	0.776405
341.8	1.13287
342.052	1.13287
342.304	0.874066
342.555	0.52737
342.807	0.722692
343.059	0.771522
343.31	0.68851
343.562	0.703159
343.814	0.63968
344.065	0.898481
344.317	0.859417
344.569	0.668978
344.82	0.654329
345.072	0.795937
345.324	1.11822
345.576	0.805703
345.827	0.771522
346.079	0.844768
346.331	0.737341
346.582	0.942429
346.834	0.888715
347.086	0.600615
347.337	0.786171
347.589	0.542019
347.841	0.791054
348.092	0.810586
348.344	0.908247
348.596	0.771522
348.847	0.991259
349.099	0.903364
349.351	0.737341
349.602	0.756873
349.854	0.717808
350.106	0.878949
350.357	0.908247
350.609	0.942429
350.861	0.483422
351.112	0.957078
351.364	0.781288
351.616	0.786171
351.868	0.903364
352.119	1.02056
352.371	0.830119
352.623	0.961961
352.874	0.874066
353.126	0.908247
353.378	0.551785
353.629	0.903364
353.881	0.791054
354.133	0.893598
354.384	0.854534
354.636	0.961961
354.888	0.8643
355.139	0.97661
355.391	1.15728
355.643	0.854534
355.894	1.13287
356.146	1.04009
356.398	0.898481
356.649	0.986376
356.901	1.06939
357.153	1.00103
357.404	0.981493
357.656	0.825236
357.908	0.942429
358.16	0.712925
358.411	0.595732
358.663	0.835002
358.915	0.68851
359.166	0.703159
359.418	0.68851
359.67	1.14752
359.921	0.556668
360.173	0.795937
360.425	0.908247
360.676	0.942429
360.928	0.786171
361.18	0.649446
361.431	0.8643
361.683	0.678744
361.935	0.942429
362.186	0.75199
362.438	0.644563
362.69	1.07915
362.941	0.903364
363.193	0.932663
363.445	0.844768
363.696	1.04986
363.948	0.966844
364.2	0.961961
364.452	1.04497
364.703	1.0938
364.955	0.898481
365.207	0.678744
365.458	0.893598
365.71	0.791054
365.962	0.81547
366.213	0.922897
366.465	0.986376
366.717	0.683627
366.968	0.986376
367.22	0.581083
367.472	0.942429
367.723	0.634797
367.975	0.922897
368.227	0.698276
368.478	0.957078
368.73	0.756873
368.982	0.478539
369.233	0.776405
369.485	1.01567
369.737	0.859417
369.988	0.664095
370.24	0.844768
370.492	0.888715
370.744	0.561551
370.995	0.625031
371.247	0.874066
371.499	0.820353
371.75	0.654329
372.002	1.04497
372.254	0.698276
372.505	1.00103
372.757	0.75199
373.009	0.893598
373.26	0.92778
373.512	0.600615
373.764	0.81547
374.015	0.913131
374.267	0.566434
374.519	0.698276
374.77	0.92778
375.022	0.937546
375.274	0.668978
375.525	0.732458
375.777	0.771522
376.029	0.854534
376.28	0.703159
376.532	0.937546
376.784	0.903364
377.036	0.781288
377.287	0.727575
377.539	1.02056
377.791	0.703159
378.042	1.03032
378.294	0.825236
378.546	0.507837
378.797	0.717808
379.049	1.0938
379.301	1.12798
379.552	0.634797
379.804	0.634797
380.056	0.97661
380.307	0.678744
380.559	0.8643
380.811	0.791054
381.062	0.854534
381.314	0.717808
381.566	0.585966
381.817	0.791054
382.069	0.502954
382.321	0.810586
382.572	0.756873
382.824	0.92778
383.076	0.664095
383.328	0.830119
383.579	0.52737
383.831	0.839885
384.083	1.00591
384.334	0.581083
384.586	0.893598
384.838	0.742224
385.089	0.952195
385.341	1.11822
385.593	0.918014
385.844	0.68851
386.096	0.820353
386.348	0.68851
386.599	0.664095
386.851	0.717808
387.103	0.75199
387.354	0.92778
387.606	0.649446
387.858	0.805703
388.109	0.766639
388.361	0.571317
388.613	0.605498
388.864	0.874066
389.116	0.542019
389.368	0.625031
389.62	0.722692
389.871	0.371112
390.123	0.92778
390.375	0.761756
390.626	0.766639
390.878	0.620147
391.13	0.722692
391.381	0.727575
391.633	0.820353
391.885	0.581083
392.136	0.991259
392.388	0.605498
392.64	0.605498
392.891	0.981493
393.143	0.712925
393.395	0.781288
393.646	0.756873
393.898	0.551785
394.15	0.708042
394.401	0.971727
394.653	0.649446
394.905	0.727575
395.156	0.766639
395.408	0.81547
395.66	0.922897
395.912	0.732458
396.163	0.761756
396.415	0.75199
396.667	0.620147
396.918	0.81547
397.17	0.649446
397.422	0.878949
397.673	0.903364
397.925	0.913131
398.177	0.439475
398.428	0.747107
398.68	0.991259
398.932	0.820353
399.183	0.585966
399.435	0.957078
399.687	0.727575
399.938	1.02056
400.19	0.844768
400.442	0.51272
400.693	0.46389
400.945	1.03032
401.197	0.80082
401.448	0.776405
401.7	0.546902
401.952	0.644563
402.204	0.654329
402.455	0.703159
402.707	0.991259
402.959	0.722692
403.21	0.75199
403.462	0.766639
403.714	0.805703
403.965	0.795937
404.217	0.81547
404.469	0.874066
404.72	0.722692
404.972	0.869183
405.224	0.678744
405.475	0.898481
405.727	1.00103
405.979	0.795937
406.23	0.625031
406.482	0.649446
406.734	0.625031
406.985	0.68851
407.237	0.63968
407.489	0.854534
407.74	0.903364
407.992	0.561551
408.244	0.693393
408.496	0.878949
408.747	0.844768
408.999	0.732458
409.251	0.712925
409.502	0.893598
409.754	0.844768
410.006	0.595732
410.257	0.693393
410.509	0.732458
410.761	0.727575
411.012	0.693393
411.264	0.727575
411.516	0.747107
411.767	0.810586
412.019	0.839885
412.271	0.825236
412.522	0.835002
412.774	0.659212
413.026	0.820353
413.277	0.659212
413.529	0.761756
413.781	0.761756
414.032	0.366229
414.284	0.771522
414.536	0.820353
414.788	0.75199
415.039	0.874066
415.291	1.03032
415.543	0.957078
415.794	0.502954
416.046	0.502954
416.298	0.625031
416.549	0.473656
416.801	0.922897
417.053	0.791054
417.304	0.708042
417.556	0.590849
417.808	0.854534
418.059	0.883832
418.311	0.542019
418.563	0.849651
418.814	0.795937
419.066	0.712925
419.318	0.51272
419.569	0.717808
419.821	0.835002
420.073	0.839885
420.324	0.742224
420.576	0.844768
420.828	0.75199
421.08	1.05962
421.331	0.742224
421.583	0.732458
421.835	0.634797
422.086	0.971727
422.338	0.898481
422.59	0.439475
422.841	0.585966
423.093	0.664095
423.345	1.01567
423.596	0.444358
423.848	0.869183
424.1	0.830119
424.351	0.561551
424.603	0.63968
424.855	0.629914
425.106	0.75199
425.358	0.664095
425.61	0.844768
425.861	0.590849
426.113	0.913131
426.365	0.898481
426.616	1.14263
426.868	0.537136
427.12	0.971727
427.372	0.434592
427.623	0.546902
427.875	0.903364
428.127	0.820353
428.378	0.625031
428.63	0.52737
428.882	0.869183
429.133	0.80082
429.385	0.830119
429.637	0.756873
429.888	0.664095
430.14	0.673861
430.392	0.893598
430.643	0.805703
430.895	0.68851
431.147	0.878949
431.398	0.859417
431.65	0.805703
431.902	0.629914
432.153	0.849651
432.405	0.693393
432.657	0.893598
432.908	0.708042
433.16	0.835002
433.412	0.805703
433.664	0.820353
433.915	0.668978
434.167	0.590849
434.419	0.859417
434.67	0.81547
434.922	0.805703
435.174	0.668978
435.425	0.664095
435.677	0.771522
435.929	1.1817
436.18	0.776405
436.432	0.366229
436.684	0.673861
436.935	0.908247
437.187	0.551785
437.439	0.585966
437.69	0.742224
437.942	1.01567
438.194	0.908247
438.445	0.888715
438.697	0.75199
438.949	0.698276
439.2	0.903364
439.452	0.795937
439.704	0.644563
439.956	0.727575
440.207	0.668978
440.459	0.839885
440.711	0.708042
440.962	0.849651
441.214	0.839885
441.466	0.893598
441.717	0.81547
441.969	0.776405
442.221	0.747107
442.472	0.722692
442.724	0.883832
442.976	0.776405
443.227	0.786171
443.479	0.717808
443.731	0.854534
443.982	0.761756
444.234	0.761756
444.486	0.698276
444.737	0.932663
444.989	0.473656
445.241	0.795937
445.492	0.390644
445.744	0.893598
445.996	0.551785
446.248	0.5762
446.499	0.625031
446.751	0.878949
447.003	0.92778
447.254	0.893598
447.506	0.761756
447.758	0.859417
448.009	0.654329
448.261	0.551785
448.513	0.424825
448.764	0.810586
449.016	0.693393
449.268	0.898481
449.519	0.371112
449.771	0.874066
450.023	0.600615
450.274	0.854534
450.526	0.92778
450.778	1.19635
451.029	0.986376
451.281	0.571317
451.533	0.81547
451.784	0.830119
452.036	0.561551
452.288	0.717808
452.54	0.947312
452.791	0.81547
453.043	0.81547
453.295	0.546902
453.546	0.849651
453.798	0.434592
454.05	0.488305
454.301	0.532253
454.553	0.771522
454.805	0.644563
455.056	0.75199
455.308	0.80082
455.56	0.776405
455.811	0.698276
456.063	0.893598
456.315	1.03032
456.566	0.756873
456.818	0.854534
457.07	0.791054
457.321	0.771522
457.573	0.68851
457.825	0.859417
458.076	0.805703
458.328	0.717808
458.58	0.766639
458.832	0.517603
459.083	0.737341
459.335	0.874066
459.587	0.703159
459.838	0.468773
460.09	0.874066
460.342	0.839885
460.593	0.727575
460.845	0.493188
461.097	0.649446
461.348	0.712925
461.6	0.791054
461.852	0.654329
462.103	0.468773
462.355	0.659212
462.607	0.649446
462.858	0.742224
463.11	0.600615
463.362	0.874066
463.613	1.00591
463.865	0.878949
464.117	0.522486
464.368	0.703159
464.62	0.722692
464.872	0.673861
465.124	0.546902
465.375	0.683627
465.627	0.80082
465.879	0.585966
466.13	0.693393
466.382	1.07915
466.634	0.649446
466.885	0.571317
467.137	0.92778
467.389	0.590849
467.64	0.922897
467.892	0.893598
468.144	0.8643
468.395	0.859417
468.647	0.678744
468.899	0.698276
469.15	0.849651
469.402	0.80082
469.654	0.874066
469.905	0.92778
470.157	0.532253
470.409	0.678744
470.66	0.81547
470.912	0.502954
471.164	0.825236
471.416	0.795937
471.667	0.727575
471.919	0.839885
472.171	0.996142
472.422	0.849651
472.674	1.03521
472.926	0.590849
473.177	0.600615
473.429	1.05474
473.681	0.52737
473.932	0.708042
474.184	0.356463
474.436	0.698276
474.687	0.986376
474.939	0.615264
475.191	0.551785
475.442	0.883832
475.694	0.80082
475.946	0.839885
476.197	0.781288
476.449	0.869183
476.701	0.581083
476.952	0.883832
477.204	0.634797
477.456	0.80082
477.708	0.844768
477.959	0.810586
478.211	0.810586
478.463	0.805703
478.714	0.913131
478.966	0.634797
479.218	0.664095
479.469	0.654329
479.721	0.708042
479.973	1.01079
480.224	0.942429
480.476	0.80082
480.728	0.903364
480.979	0.786171
481.231	0.825236
481.483	0.830119
481.734	0.795937
481.986	0.844768
482.238	0.654329
482.489	0.698276
482.741	0.781288
482.993	0.756873
483.244	0.810586
483.496	0.727575
483.748	0.795937
484	0.668978
484.251	0.810586
484.503	0.898481
484.755	0.761756
485.006	1.04986
485.258	0.698276
485.51	0.888715
485.761	0.893598
486.013	1.05962
486.265	0.708042
486.516	0.693393
486.768	1.00103
487.02	0.620147
487.271	0.629914
487.523	0.693393
487.775	0.302749
488.026	0.703159
488.278	0.68851
488.53	0.952195
488.781	0.63968
489.033	0.888715
489.285	0.502954
489.536	0.781288
489.788	0.737341
490.04	0.571317
490.292	0.722692
490.543	1.01567
490.795	0.600615
491.047	0.874066
491.298	0.546902
491.55	0.571317
491.802	0.81547
492.053	1.06939
492.305	0.478539
492.557	0.659212
492.808	0.92778
493.06	0.727575
493.312	1.10845
493.563	0.947312
493.815	0.75199
494.067	0.678744
494.318	0.771522
494.57	0.8643
494.822	0.893598
495.073	0.673861
495.325	0.68851
495.577	0.844768
495.828	0.625031
496.08	0.81547
496.332	1.14263
496.584	0.791054
496.835	0.859417
497.087	0.903364
497.339	1.05474
497.59	0.502954
497.842	0.419942
498.094	0.605498
498.345	0.874066
498.597	0.747107
498.849	0.51272
499.1	0.805703
499.352	0.454124
499.604	1.03032
499.855	0.756873
500.107	0.81547
500.359	0.786171
500.61	0.913131
500.862	0.742224
501.114	0.766639
501.365	0.820353
501.617	0.937546
501.869	0.888715
502.12	0.717808
502.372	1.02544
502.624	0.668978
502.876	0.854534
503.127	1.09869
503.379	0.610381
503.631	0.654329
503.882	0.659212
504.134	0.893598
504.386	0.537136
504.637	0.46389
504.889	0.727575
505.141	0.629914
505.392	0.878949
505.644	0.92778
505.896	0.771522
506.147	0.566434
506.399	0.869183
506.651	0.820353
506.902	0.75199
507.154	0.966844
507.406	0.756873
507.657	0.668978
507.909	0.68851
508.161	0.883832
508.412	0.468773
508.664	0.75199
508.916	0.820353
509.168	0.703159
509.419	0.771522
509.671	0.786171
509.923	0.786171
510.174	0.771522
510.426	0.546902
510.678	0.664095
510.929	0.600615
511.181	0.854534
511.433	1.01567
511.684	0.693393
511.936	0.742224
512.188	0.810586
512.439	0.429708
512.691	0.776405
512.943	0.473656
513.194	0.566434
513.446	0.625031
513.698	0.75199
513.949	0.693393
514.201	0.712925
514.453	0.620147
514.704	0.659212
514.956	0.844768
515.208	0.395527
515.46	0.81547
515.711	0.883832
515.963	0.918014
516.215	0.542019
516.466	0.849651
516.718	0.795937
516.97	0.771522
517.221	0.830119
517.473	1.02544
517.725	0.81547
517.976	0.502954
518.228	0.727575
518.48	0.581083
518.731	0.63968
518.983	0.771522
519.235	0.532253
519.486	0.80082
519.738	0.825236
519.99	0.805703
520.241	0.654329
520.493	0.52737
520.745	0.63968
520.996	0.664095
521.248	0.546902
521.5	0.629914
521.752	0.664095
522.003	0.791054
522.255	0.737341
522.507	0.742224
522.758	0.537136
523.01	0.883832
523.262	0.722692
523.513	0.629914
523.765	0.654329
524.017	0.542019
524.268	0.605498
524.52	0.322281
524.772	0.75199
525.023	0.571317
525.275	0.585966
525.527	0.820353
525.778	0.898481
526.03	0.625031
526.282	0.659212
526.533	0.649446
526.785	0.600615
527.037	0.805703
527.288	0.634797
527.54	0.649446
527.792	0.644563
528.044	0.722692
528.295	0.498071
528.547	0.703159
528.799	0.68851
529.05	0.566434
529.302	0.615264
529.554	0.771522
529.805	0.634797
530.057	0.659212
530.309	0.952195
530.56	0.830119
530.812	0.615264
531.064	0.830119
531.315	0.742224
531.567	0.566434
531.819	0.63968
532.07	0.336931
532.322	0.75199
532.574	0.52737
532.825	0.542019
533.077	0.722692
533.329	0.727575
533.58	0.805703
533.832	0.585966
534.084	0.546902
534.336	0.81547
534.587	0.913131
534.839	0.737341
535.091	0.615264
535.342	0.664095
535.594	0.542019
535.846	0.810586
536.097	0.581083
536.349	0.722692
536.601	0.908247
536.852	0.756873
537.104	0.747107
537.356	0.727575
537.607	0.498071
537.859	0.459007
538.111	0.537136
538.362	0.610381
538.614	0.810586
538.866	0.542019
539.117	0.820353
539.369	0.649446
539.621	0.629914
539.872	0.742224
540.124	0.444358
540.376	0.673861
540.628	0.903364
540.879	0.615264
541.131	0.708042
541.383	0.835002
541.634	0.903364
541.886	0.620147
542.138	0.869183
542.389	0.878949
542.641	0.551785
542.893	0.849651
543.144	0.717808
543.396	0.620147
543.648	0.786171
543.899	0.571317
544.151	0.878949
544.403	0.698276
544.654	0.859417
544.906	0.737341
545.158	0.766639
545.409	0.634797
545.661	0.903364
545.913	0.75199
546.164	0.502954
546.416	0.805703
546.668	0.761756
546.92	0.605498
547.171	0.742224
547.423	0.854534
547.675	0.537136
547.926	0.493188
548.178	0.8643
548.43	0.810586
548.681	0.542019
548.933	0.747107
549.185	0.566434
549.436	0.673861
549.688	0.5762
549.94	0.410176
550.191	0.542019
550.443	0.922897
550.695	0.835002
550.946	0.551785
551.198	0.742224
551.45	0.92778
551.701	0.795937
551.953	0.756873
552.205	0.932663
552.456	0.810586
552.708	0.908247
552.96	0.903364
553.212	0.649446
553.463	0.742224
553.715	0.727575
553.967	0.737341
554.218	0.693393
554.47	0.561551
554.722	0.615264
554.973	0.634797
555.225	0.600615
555.477	0.722692
555.728	0.375995
555.98	0.68851
556.232	0.546902
556.483	0.722692
556.735	0.517603
556.987	0.756873
557.238	0.63968
557.49	0.761756
557.742	0.63968
557.993	0.46389
558.245	0.68851
558.497	0.80082
558.748	0.693393
559	0.668978
559.252	0.546902
559.504	0.776405
559.755	0.595732
560.007	0.75199
560.259	0.615264
560.51	0.46389
560.762	0.727575
561.014	0.595732
561.265	0.791054
561.517	0.493188
561.769	0.610381
562.02	0.761756
562.272	0.532253
562.524	0.590849
562.775	0.708042
563.027	0.703159
563.279	0.908247
563.53	0.742224
563.782	0.620147
564.034	0.664095
564.285	0.844768
564.537	0.761756
564.789	0.434592
565.04	0.664095
565.292	0.625031
565.544	0.478539
565.796	0.644563
566.047	0.600615
566.299	0.410176
566.551	0.708042
566.802	0.830119
567.054	0.605498
567.306	0.893598
567.557	0.659212
567.809	0.5762
568.061	0.81547
568.312	0.761756
568.564	0.405293
568.816	0.839885
569.067	0.869183
569.319	0.830119
569.571	0.913131
569.822	0.869183
570.074	0.585966
570.326	0.532253
570.577	0.459007
570.829	0.693393
571.081	0.678744
571.332	0.908247
571.584	0.761756
571.836	0.732458
572.088	0.605498
572.339	0.52737
572.591	0.473656
572.843	0.693393
573.094	0.537136
573.346	0.483422
573.598	0.820353
573.849	0.835002
574.101	0.375995
574.353	0.717808
574.604	0.849651
574.856	0.546902
575.108	0.590849
575.359	0.556668
575.611	0.708042
575.863	0.664095
576.114	0.737341
576.366	0.683627
576.618	0.717808
576.869	0.869183
577.121	0.727575
577.373	0.81547
577.624	0.810586
577.876	0.551785
578.128	0.722692
578.38	0.859417
578.631	1.07427
578.883	0.903364
579.135	0.610381
579.386	0.68851
579.638	0.444358
579.89	0.483422
580.141	0.51272
580.393	0.659212
580.645	0.849651
580.896	0.776405
581.148	0.776405
581.4	0.444358
581.651	0.5762
581.903	0.893598
582.155	0.75199
582.406	0.668978
582.658	0.781288
582.91	0.776405
583.161	0.644563
583.413	0.781288
583.665	0.732458
583.916	0.566434
584.168	0.542019
584.42	0.600615
584.672	0.668978
584.923	0.937546
585.175	0.781288
585.427	0.498071
585.678	0.673861
585.93	0.556668
586.182	0.542019
586.433	1.00103
586.685	0.859417
586.937	0.766639
587.188	0.415059
587.44	0.693393
587.692	0.424825
587.943	0.805703
588.195	0.825236
588.447	0.947312
588.698	0.590849
588.95	0.610381
589.202	0.849651
589.453	0.722692
589.705	0.932663
589.957	0.913131
590.208	0.483422
590.46	0.581083
590.712	0.703159
590.964	0.820353
591.215	0.292983
591.467	0.820353
591.719	0.51272
591.97	0.478539
592.222	0.761756
592.474	0.605498
592.725	0.776405
592.977	0.942429
593.229	0.566434
593.48	0.644563
593.732	0.40041
593.984	0.46389
594.235	0.693393
594.487	0.771522
594.739	0.668978
594.99	0.532253
595.242	0.952195
595.494	0.434592
595.745	0.791054
595.997	0.830119
596.249	0.664095
596.5	0.654329
596.752	0.708042
597.004	0.810586
597.256	0.810586
597.507	0.903364
597.759	0.878949
598.011	0.795937
598.262	0.883832
598.514	0.727575
598.766	0.620147
599.017	0.449241
599.269	0.893598
599.521	0.678744
599.772	0.483422
600.024	0.46389
600.276	0.380878
600.527	0.625031
600.779	0.996142
601.031	0.649446
601.282	0.761756
601.534	0.649446
601.786	0.5762
602.037	0.610381
602.289	0.732458
602.541	0.81547
602.792	0.795937
603.044	0.839885
603.296	0.683627
603.548	0.507837
603.799	0.644563
604.051	0.727575
604.303	0.742224
604.554	0.668978
604.806	0.615264
605.058	0.52737
605.309	0.849651
605.561	0.903364
605.813	0.756873
606.064	0.698276
606.316	0.620147
606.568	0.922897
606.819	0.664095
607.071	0.654329
607.323	0.468773
607.574	0.419942
607.826	0.600615
608.078	0.683627
608.329	0.678744
608.581	0.712925
608.833	0.698276
609.084	0.649446
609.336	0.825236
609.588	0.683627
609.84	0.644563
610.091	0.781288
610.343	0.620147
610.595	0.820353
610.846	0.849651
611.098	0.585966
611.35	0.810586
611.601	0.654329
611.853	0.693393
612.105	0.600615
612.356	0.722692
612.608	0.561551
612.86	0.820353
613.111	0.556668
613.363	1.04497
613.615	0.581083
613.866	0.722692
614.118	0.81547
614.37	0.644563
614.621	0.546902
614.873	0.600615
615.125	0.747107
615.376	0.849651
615.628	0.893598
615.88	0.722692
616.132	0.595732
616.383	0.747107
616.635	0.683627
616.887	0.717808
617.138	0.63968
617.39	0.771522
617.642	0.615264
617.893	0.75199
618.145	0.908247
618.397	0.566434
618.648	0.683627
618.9	0.698276
619.152	0.932663
619.403	0.581083
619.655	0.537136
619.907	0.483422
620.158	0.830119
620.41	0.585966
620.662	0.649446
620.913	0.68851
621.165	0.747107
621.417	0.722692
621.668	0.35158
621.92	0.561551
622.172	0.766639
622.424	0.693393
622.675	0.488305
622.927	0.449241
623.179	0.517603
623.43	0.498071
623.682	0.68851
623.934	0.825236
624.185	0.395527
624.437	0.683627
624.689	0.595732
624.94	0.776405
625.192	0.708042
625.444	0.8643
625.695	0.771522
625.947	0.75199
626.199	0.756873
626.45	0.483422
626.702	0.952195
626.954	0.75199
627.205	0.585966
627.457	0.81547
627.709	0.590849
627.96	0.2881
628.212	0.664095
628.464	0.620147
628.716	0.874066
628.967	0.571317
629.219	0.727575
629.471	0.537136
629.722	0.551785
629.974	0.429708
630.226	0.820353
630.477	0.903364
630.729	0.634797
630.981	0.722692
631.232	0.620147
631.484	0.712925
631.736	0.668978
631.987	0.8643
632.239	0.5762
632.491	0.556668
632.742	0.468773
632.994	0.703159
633.246	0.883832
633.497	0.795937
633.749	0.859417
634.001	0.708042
634.252	0.46389
634.504	0.659212
634.756	0.590849
635.008	0.517603
635.259	0.835002
635.511	0.410176
635.763	0.546902
636.014	0.776405
636.266	0.410176
636.518	1.02056
636.769	0.786171
637.021	0.795937
637.273	0.620147
637.524	0.703159
637.776	0.585966
638.028	0.498071
638.279	0.698276
638.531	0.786171
638.783	0.244153
639.034	0.732458
639.286	0.776405
639.538	0.908247
639.789	0.371112
640.041	1.03032
640.293	0.722692
640.544	0.551785
640.796	0.659212
641.048	0.449241
641.3	0.620147
641.551	0.712925
641.803	0.546902
642.055	0.502954
642.306	0.947312
642.558	0.80082
642.81	0.722692
643.061	0.722692
643.313	0.63968
643.565	0.825236
643.816	0.546902
644.068	0.366229
644.32	0.708042
644.571	0.51272
644.823	0.532253
645.075	0.664095
645.326	0.654329
645.578	0.605498
645.83	0.415059
646.081	0.708042
646.333	0.878949
646.585	0.615264
646.836	0.810586
647.088	0.883832
647.34	0.693393
647.592	0.859417
647.843	0.805703
648.095	0.375995
648.347	1.01079
648.598	0.395527
648.85	0.708042
649.102	0.747107
649.353	0.683627
649.605	0.693393
649.857	0.68851
650.108	0.610381
650.36	0.390644
650.612	0.659212
650.863	0.625031
651.115	0.849651
651.367	0.581083
651.618	0.791054
651.87	0.678744
652.122	0.424825
652.373	0.786171
652.625	0.439475
652.877	0.5762
653.128	0.742224
653.38	0.732458
653.632	0.776405
653.884	0.429708
654.135	0.903364
654.387	0.683627
654.639	0.532253
654.89	0.703159
655.142	0.507837
655.394	0.673861
655.645	0.498071
655.897	0.532253
656.149	0.585966
656.4	0.708042
656.652	0.571317
656.904	0.883832
657.155	0.820353
657.407	0.698276
657.659	0.629914
657.91	0.839885
658.162	0.664095
658.414	0.556668
658.665	0.756873
658.917	0.659212
659.169	0.532253
659.42	0.542019
659.672	0.46389
659.924	0.693393
660.176	0.556668
660.427	0.859417
660.679	0.693393
660.931	0.849651
661.182	0.747107
661.434	0.410176
661.686	0.625031
661.937	0.415059
662.189	0.537136
662.441	0.51272
662.692	0.683627
662.944	0.341814
663.196	0.429708
663.447	0.454124
663.699	0.634797
663.951	0.502954
664.202	0.820353
664.454	0.68851
664.706	0.537136
664.957	0.937546
665.209	0.771522
665.461	0.68851
665.712	0.600615
665.964	0.678744
666.216	0.664095
666.468	0.981493
666.719	0.566434
666.971	0.717808
667.223	0.747107
667.474	0.644563
667.726	0.693393
667.978	0.742224
668.229	0.551785
668.481	1.01079
668.733	0.615264
668.984	0.703159
669.236	0.371112
669.488	0.683627
669.739	0.493188
669.991	0.581083
670.243	0.595732
670.494	0.820353
670.746	0.654329
670.998	0.913131
671.249	0.737341
671.501	0.341814
671.753	0.542019
672.004	0.566434
672.256	0.81547
672.508	0.63968
672.76	0.737341
673.011	0.756873
673.263	0.747107
673.515	0.478539
673.766	0.625031
674.018	0.683627
674.27	0.51272
674.521	0.649446
674.773	0.649446
675.025	0.590849
675.276	0.546902
675.528	0.498071
675.78	0.644563
676.031	0.703159
676.283	0.561551
676.535	0.869183
676.786	0.732458
677.038	0.903364
677.29	0.595732
677.541	0.8643
677.793	0.517603
678.045	0.732458
678.296	0.434592
678.548	0.468773
678.8	0.835002
679.052	0.600615
679.303	0.776405
679.555	0.727575
679.807	0.439475
680.058	0.444358
680.31	0.717808
680.562	0.756873
680.813	0.522486
681.065	0.634797
681.317	0.756873
681.568	0.717808
681.82	0.532253
682.072	0.493188
682.323	0.703159
682.575	0.698276
682.827	0.678744
683.078	0.883832
683.33	0.46389
683.582	0.678744
683.833	0.51272
684.085	0.532253
684.337	0.517603
684.588	0.717808
684.84	0.556668
685.092	0.429708
685.344	0.776405
685.595	1.03032
685.847	0.791054
686.099	0.888715
686.35	0.610381
686.602	0.390644
686.854	0.600615
687.105	0.810586
687.357	0.483422
687.609	0.595732
687.86	0.610381
688.112	0.683627
688.364	0.51272
688.615	0.776405
688.867	0.605498
689.119	0.888715
689.37	1.06451
689.622	0.625031
689.874	0.874066
690.125	0.820353
690.377	0.40041
690.629	0.693393
690.88	0.805703
691.132	0.786171
691.384	0.327164
691.636	0.732458
691.887	0.556668
692.139	0.830119
692.391	0.854534
692.642	0.605498
692.894	0.385761
693.146	0.795937
693.397	0.532253
693.649	0.483422
693.901	0.693393
694.152	0.473656
694.404	0.571317
694.656	0.971727
694.907	0.883832
695.159	0.625031
695.411	0.712925
695.662	0.356463
695.914	0.610381
696.166	0.546902
696.417	0.542019
696.669	0.869183
696.921	0.737341
697.172	0.327164
697.424	0.590849
697.676	0.859417
697.928	0.498071
698.179	0.991259
698.431	0.825236
698.683	0.854534
698.934	0.380878
699.186	0.63968
699.438	0.537136
699.689	0.498071
699.941	0.673861
700.193	0.80082
700.444	0.629914
700.696	0.644563
700.948	0.493188
701.199	0.654329
701.451	0.625031
701.703	0.46389
701.954	0.664095
702.206	0.918014
702.458	0.737341
702.709	0.415059
702.961	0.405293
703.213	0.410176
703.464	0.825236
703.716	0.771522
703.968	0.629914
704.22	0.415059
704.471	0.698276
704.723	0.566434
704.975	0.722692
705.226	0.844768
705.478	0.629914
705.73	0.532253
705.981	0.46389
706.233	0.712925
706.485	0.483422
706.736	0.581083
706.988	0.449241
707.24	0.600615
707.491	0.620147
707.743	0.629914
707.995	0.747107
708.246	0.712925
708.498	0.761756
708.75	0.678744
709.001	0.742224
709.253	0.546902
709.505	0.561551
709.756	0.634797
710.008	0.737341
710.26	0.590849
710.512	0.781288
710.763	0.859417
711.015	0.791054
711.267	0.542019
711.518	0.532253
711.77	0.708042
712.022	0.673861
712.273	0.81547
712.525	0.961961
712.777	0.571317
713.028	0.566434
713.28	0.918014
713.532	0.35158
713.783	0.551785
714.035	1.21588
714.287	0.434592
714.538	0.620147
714.79	0.668978
715.042	0.634797
715.293	0.957078
715.545	0.51272
715.797	0.629914
716.048	0.46389
716.3	0.698276
716.552	0.703159
716.804	0.712925
717.055	0.502954
717.307	0.473656
717.559	0.590849
717.81	0.75199
718.062	0.786171
718.314	0.654329
718.565	0.766639
718.817	0.625031
719.069	0.51272
719.32	0.620147
719.572	0.80082
719.824	0.849651
720.075	0.747107
720.327	0.444358
720.579	0.537136
720.83	0.615264
721.082	0.81547
721.334	0.693393
721.585	0.717808
721.837	0.605498
722.089	0.634797
722.34	0.805703
722.592	0.493188
722.844	0.732458
723.096	0.75199
723.347	0.52737
723.599	0.766639
723.851	0.415059
724.102	0.898481
724.354	0.644563
724.606	0.854534
724.857	0.854534
725.109	0.605498
725.361	0.68851
725.612	0.68851
725.864	0.502954
726.116	0.629914
726.367	0.209971
726.619	0.664095
726.871	0.312515
727.122	0.454124
727.374	0.537136
727.626	0.581083
727.877	0.786171
728.129	0.468773
728.381	1.00591
728.632	0.913131
728.884	0.664095
729.136	0.854534
729.388	0.664095
729.639	0.449241
729.891	0.625031
730.143	0.268568
730.394	0.786171
730.646	0.434592
730.898	0.454124
731.149	0.854534
731.401	0.844768
731.653	0.903364
731.904	0.659212
732.156	0.742224
732.408	0.424825
732.659	0.771522
732.911	0.678744
733.163	0.708042
733.414	0.913131
733.666	0.571317
733.918	0.791054
734.169	0.644563
734.421	0.595732
734.673	0.600615
734.924	0.913131
735.176	0.605498
735.428	0.488305
735.68	0.737341
735.931	0.517603
736.183	0.556668
736.435	0.234386
736.686	0.683627
736.938	0.522486
737.19	0.346697
737.441	0.507837
737.693	0.810586
737.945	0.483422
738.196	0.634797
738.448	0.668978
738.7	0.566434
738.951	0.605498
739.203	0.454124
739.455	0.81547
739.706	0.737341
739.958	0.581083
740.21	0.449241
740.461	0.332047
740.713	0.590849
740.965	0.634797
741.216	0.483422
741.468	0.571317
741.72	0.478539
741.972	0.791054
742.223	0.81547
742.475	0.654329
742.727	0.454124
742.978	0.839885
743.23	0.698276
743.482	0.595732
743.733	0.542019
743.985	0.80082
744.237	0.542019
744.488	0.698276
744.74	0.874066
744.992	0.68851
745.243	0.35158
745.495	0.820353
745.747	0.859417
745.998	0.673861
746.25	0.839885
746.502	0.878949
746.753	0.595732
747.005	0.610381
747.257	0.673861
747.508	0.888715
747.76	0.761756
748.012	0.610381
748.264	0.92778
748.515	0.556668
748.767	0.449241
749.019	0.961961
749.27	0.483422
749.522	0.737341
749.774	0.634797
750.025	0.327164
750.277	0.932663
750.529	0.585966
750.78	0.610381
751.032	0.566434
751.284	0.776405
751.535	0.747107
751.787	0.522486
752.039	0.771522
752.29	0.742224
752.542	0.517603
752.794	0.742224
753.045	0.766639
753.297	0.668978
753.549	0.561551
753.8	0.795937
754.052	0.708042
754.304	0.571317
754.556	0.63968
754.807	0.678744
755.059	0.659212
