------------------------

T2 Curve Fit Results
05.07.2019 17:10
------------------------

------------------------
Pulse Separ.  : 0.100 ms
Data Points   : 6000
Dummy Echoes  : 0
Expon. Order  : 1
Modifications : 0
Storing Data  : 0
------------------------



------------------------
SampleId: '1'
------------------------
Amplitude  :     64.1  %
         +/-      0.5  %
T2         :     2.56 ms
         +/-     0.03 ms
Offset     :     1.00  %
         +/-     0.01  %
------------------------

Bruker BioSpin GmbH: the minispec
DataType=1
DataLimits=0.27056,1510.1,6000
DataUnit=ms,%
c:\users\bruker\documents\joao_ambrozetto\cpmg-amostraporab\amostraporab_cpmg.app
05.07.2019 17:16:03

0.27056	76.2391
0.52224	59.2314
0.77392	49.2016
1.0256	39.9092
1.27728	34.7283
1.52896	29.2299
1.78064	26.7298
2.03232	22.6036
2.284	20.5283
2.53568	18.5361
2.78736	17.3495
3.03904	15.7918
3.29072	15.2058
3.5424	14.278
3.79408	14.112
4.04576	12.6227
4.29744	12.4371
4.54912	11.7828
4.8008	11.8902
5.05248	11.0845
5.30416	11.0796
5.55584	10.4448
5.80752	10.0249
6.0592	9.74657
6.31088	9.80028
6.56256	9.39499
6.81424	9.60496
7.06592	9.34616
7.3176	8.94575
7.56928	9.01411
7.82096	8.78461
8.07264	9.06783
8.32432	8.91157
8.576	8.48674
8.82768	8.23771
9.07936	8.5844
9.33104	7.99355
9.58272	7.93007
9.8344	8.12051
10.0861	8.25724
10.3378	7.53455
10.5894	7.67127
10.8411	7.78358
11.0928	7.59314
11.3445	7.64686
11.5962	7.21715
11.8478	7.2904
12.0995	7.08531
12.3512	6.8558
12.6029	7.03648
12.8546	6.90952
13.1062	6.98276
13.3579	7.01694
13.6096	7.04136
13.8613	6.44074
14.113	6.49934
14.3646	6.6556
14.6163	6.43098
14.868	6.52864
15.1197	6.05498
15.3714	5.9915
15.623	6.54329
15.8747	6.31378
16.1264	6.28449
16.3781	6.17706
16.6298	6.4261
16.8814	6.01592
17.1331	6.09893
17.3848	5.96709
17.6365	6.21612
17.8882	6.18683
18.1398	5.74247
18.3915	5.59598
18.6432	5.67899
18.8949	5.46413
19.1466	5.68387
19.3982	5.68387
19.6499	5.59598
19.9016	5.27858
20.1533	5.17115
20.405	5.34694
20.6566	5.5032
20.9083	5.60086
21.16	5.19557
21.4117	5.45925
21.6634	5.42507
21.915	5.2737
22.1667	5.07837
22.4184	5.12232
22.6701	5.17115
22.9218	5.07837
23.1734	5.27858
23.4251	4.8684
23.6768	4.94653
23.9285	5.23463
24.1802	5.1858
24.4318	4.80492
24.6835	5.01978
24.9352	4.59007
25.1869	4.59007
25.4386	4.48264
25.6902	4.80492
25.9419	4.30197
26.1936	4.69749
26.4453	4.28732
26.697	4.72679
26.9486	4.98071
27.2003	4.40451
27.452	4.54612
27.7037	4.55589
27.9554	4.59495
28.207	4.61448
28.4587	4.49729
28.7104	4.72679
28.9621	4.23849
29.2138	4.04317
29.4654	4.37521
29.7171	4.2922
29.9688	3.93086
30.2205	4.23361
30.4722	4.19942
30.7238	3.94551
30.9755	4.38498
31.2272	3.94062
31.4789	3.83808
31.7306	3.74042
31.9822	4.14083
32.2339	4.20431
32.4856	4.0041
32.7373	4.06758
32.989	3.96992
33.2406	3.95039
33.4923	3.60857
33.744	3.91132
33.9957	4.17013
34.2474	4.01387
34.499	3.86738
34.7507	3.46208
35.0024	3.8039
35.2541	3.98945
35.5058	3.50115
35.7574	4.02852
36.0091	3.90644
36.2608	3.39372
36.5125	3.71112
36.7642	3.71112
37.0158	3.78436
37.2675	3.36442
37.5192	3.3986
37.7709	3.54509
38.0226	3.44255
38.2742	3.64276
38.5259	3.39372
38.7776	3.35466
39.0293	3.51091
39.281	3.28141
39.5326	3.35466
39.7843	3.36442
40.036	3.47673
40.2877	3.33024
40.5394	4.23849
40.791	3.53533
41.0427	3.38884
41.2944	3.34001
41.5461	3.18375
41.7978	3.11539
42.0494	2.99331
42.3011	3.67694
42.5528	3.29118
42.8045	3.5158
43.0562	3.41325
43.3078	2.96889
43.5595	2.90053
43.8112	3.31559
44.0629	3.12027
44.3146	3.10562
44.5662	3.66229
44.8179	2.92495
45.0696	3.28629
45.3213	3.52556
45.573	3.00796
45.8246	3.06656
46.0763	2.92495
46.328	2.70521
46.5797	2.98843
46.8314	2.79799
47.083	3.26188
47.3347	3.12027
47.5864	2.50012
47.8381	2.93471
48.0898	2.6222
48.3414	2.97866
48.5931	2.92983
48.8448	3.11539
49.0965	3.40837
49.3482	2.93471
49.5998	3.1105
49.8515	2.85658
50.1032	2.77846
50.3549	2.76869
50.6066	2.9396
50.8582	2.68079
51.1099	3.05679
51.3616	3.17398
51.6133	2.78822
51.865	2.74427
52.1166	2.75892
52.3683	2.56848
52.62	2.94936
52.8717	2.80287
53.1234	2.82729
53.375	2.96889
53.6267	2.88588
53.8784	2.51477
54.1301	2.75404
54.3818	2.71986
54.6334	2.6515
54.8851	2.61732
55.1368	2.49036
55.3885	2.61732
55.6402	2.6222
55.8918	2.90053
56.1435	2.57825
56.3952	2.69056
56.6469	2.47571
56.8986	2.83217
57.1502	2.62708
57.4019	2.76869
57.6536	2.58802
57.9053	2.3048
58.157	2.44641
58.4086	2.95425
58.6603	2.23644
58.912	2.41711
59.1637	2.45129
59.4154	2.03135
59.667	2.46106
59.9187	2.52942
60.1704	2.40246
60.4221	2.5343
60.6738	2.75892
60.9254	2.34875
61.1771	2.64173
61.4288	2.34386
61.6805	2.35363
61.9322	2.45129
62.1838	2.77357
62.4355	2.8517
62.6872	2.52454
62.9389	1.96787
63.1906	2.29992
63.4422	2.42688
63.6939	2.28527
63.9456	1.90439
64.1973	1.88974
64.449	2.39269
64.7006	1.87021
64.9523	2.35363
65.204	2.31945
65.4557	2.61243
65.7074	1.99717
65.959	2.5343
66.2107	2.52454
66.4624	2.6222
66.7141	2.15831
66.9658	2.47571
67.2174	2.48547
67.4691	2.72474
67.7208	2.59778
67.9725	2.41223
68.2242	2.43176
68.4758	2.16807
68.7275	2.15343
68.9792	2.23644
69.2309	2.36828
69.4826	2.10459
69.7342	2.32922
69.9859	2.35363
70.2376	2.15343
70.4893	2.40246
70.741	1.86533
70.9926	2.39758
71.2443	2.20226
71.496	2.53919
71.7477	2.20226
71.9994	1.77743
72.251	2.10948
72.5027	2.38781
72.7544	2.27062
73.0061	1.87021
73.2578	1.83114
73.5094	2.26574
73.7611	1.88486
74.0128	2.22667
74.2645	2.02158
74.5162	2.18761
74.7678	2.16807
75.0195	2.25597
75.2712	2.51965
75.5229	1.9874
75.7746	2.2462
76.0262	2.49036
76.2779	2.13389
76.5296	1.89462
76.7813	1.71883
77.033	1.81161
77.2846	2.14854
77.5363	2.00693
77.788	1.86044
78.0397	2.23644
78.2914	2.38781
78.543	2.08995
78.7947	2.40734
79.0464	2.39269
79.2981	2.17296
79.5498	1.97764
79.8014	1.82138
80.0531	1.96299
80.3048	2.37805
80.5565	2.28527
80.8082	1.88974
81.0598	2.04112
81.3115	1.97764
81.5632	1.70907
81.8149	2.20226
82.0666	2.23155
82.3182	1.88486
82.5699	2.16807
82.8216	2.05576
83.0733	2.19249
83.325	2.47571
83.5766	2.08995
83.8283	2.05088
84.08	2.40734
84.3317	2.40246
84.5834	1.6993
84.835	1.68954
85.0867	1.88974
85.3384	1.7286
85.5901	1.73837
85.8418	1.62117
86.0934	1.70418
86.3451	1.79208
86.5968	1.24518
86.8485	1.87509
87.1002	2.18272
87.3518	1.94834
87.6035	1.70907
87.8552	2.13878
88.1069	2.06553
88.3586	2.3634
88.6102	1.96787
88.8619	1.7286
89.1136	1.73348
89.3653	1.56746
89.617	1.65535
89.8686	1.99228
90.1203	1.80185
90.372	1.87509
90.6237	1.93857
90.8754	1.96787
91.127	2.14366
91.3787	1.61629
91.6304	2.14854
91.8821	1.87997
92.1338	2.23644
92.3854	1.96787
92.6371	2.09971
92.8888	1.95322
93.1405	1.85068
93.3922	2.22179
93.6438	1.93857
93.8955	1.83603
94.1472	1.64071
94.3989	1.77743
94.6506	1.46003
94.9022	2.22179
95.1539	2.05576
95.4056	1.91904
95.6573	1.4405
95.909	1.61141
96.1606	2.30968
96.4123	1.80185
96.664	2.00693
96.9157	1.60164
97.1674	1.52351
97.419	1.87509
97.6707	2.07041
97.9224	1.68954
98.1741	2.08018
98.4258	1.53816
98.6774	2.29992
98.9291	1.87509
99.1808	1.70907
99.4325	1.75302
99.6842	1.65047
99.9358	1.13775
100.188	1.79208
100.439	1.57723
100.691	1.92392
100.943	1.50398
101.194	1.71395
101.446	1.57723
101.698	1.76766
101.949	1.63582
102.201	1.90927
102.453	1.92881
102.704	1.73348
102.956	1.25494
103.208	1.70907
103.459	1.61629
103.711	1.71395
103.963	1.7286
104.214	2.08018
104.466	1.60164
104.718	1.85068
104.969	2.13878
105.221	1.79208
105.473	1.67489
105.724	1.3819
105.976	1.4991
106.228	1.73837
106.48	1.4405
106.731	2.14854
106.983	1.6993
107.235	1.23053
107.486	1.63094
107.738	1.34772
107.99	1.43073
108.241	1.00103
108.493	1.56746
108.745	1.90927
108.996	1.55281
109.248	1.9874
109.5	1.49421
109.751	1.51375
110.003	1.76766
110.255	1.45515
110.506	1.91416
110.758	1.57234
111.01	1.59676
111.261	1.62117
111.513	1.62117
111.765	1.47468
112.016	1.88486
112.268	1.68954
112.52	1.55281
112.772	1.83114
113.023	1.55281
113.275	1.34284
113.527	1.91416
113.778	1.48445
114.03	1.44538
114.282	1.55769
114.533	1.11822
114.785	1.56746
115.037	1.65047
115.288	1.7872
115.54	1.55769
115.792	1.16217
116.043	1.32819
116.295	1.25494
116.547	1.58699
116.798	1.77743
117.05	2.08506
117.302	1.34284
117.553	1.58211
117.805	1.45027
118.057	1.67977
118.308	1.68465
118.56	1.37214
118.812	1.68465
119.064	1.60652
119.315	1.52351
119.567	1.45515
119.819	1.13287
120.07	1.52351
120.322	1.50398
120.574	1.58211
120.825	1.46003
121.077	1.77255
121.329	1.4405
121.58	1.7872
121.832	1.41608
122.084	1.4405
122.335	1.67977
122.587	1.65535
122.839	1.31842
123.09	1.65047
123.342	1.1817
123.594	1.98252
123.845	1.45027
124.097	1.97275
124.349	1.56746
124.6	1.65047
124.852	1.47956
125.104	1.29889
125.356	1.68465
125.607	1.78231
125.859	1.44538
126.111	1.84579
126.362	1.4991
126.614	1.54304
126.866	1.4991
127.117	1.44538
127.369	1.74813
127.621	1.48933
127.872	1.49421
128.124	1.50886
128.376	1.36725
128.627	1.47956
128.879	1.56746
129.131	1.59676
129.382	1.53328
129.634	1.38679
129.886	1.65047
130.137	1.47468
130.389	1.09869
130.641	1.30377
130.892	1.25983
131.144	1.43073
131.396	2.08995
131.648	1.61629
131.899	1.83114
132.151	1.60164
132.403	1.49421
132.654	1.50886
132.906	1.74813
133.158	1.62606
133.409	1.4112
133.661	1.77255
133.913	1.05474
134.164	1.51375
134.416	1.37702
134.668	1.19635
134.919	1.77743
135.171	1.63582
135.423	1.45027
135.674	1.46492
135.926	1.70418
136.178	1.211
136.429	1.39655
136.681	1.87021
136.933	1.57234
137.184	1.76766
137.436	1.24518
137.688	1.44538
137.94	1.79696
138.191	1.31354
138.443	1.54304
138.695	1.28424
138.946	1.56258
139.198	1.64071
139.45	1.81161
139.701	1.27936
139.953	1.76278
140.205	1.57723
140.456	1.82626
140.708	1.56258
140.96	1.42097
141.211	1.83114
141.463	1.30377
141.715	1.42585
141.966	1.211
142.218	1.54793
142.47	1.64559
142.721	1.34772
142.973	1.33307
143.225	1.30377
143.476	1.77743
143.728	1.24518
143.98	1.35261
144.232	1.37214
144.483	1.42585
144.735	1.67
144.987	1.59187
145.238	1.57723
145.49	1.41608
145.742	1.33307
145.993	1.48933
146.245	1.50886
146.497	1.67
146.748	1.61141
147	1.211
147.252	0.961961
147.503	1.63094
147.755	1.36237
148.007	1.50886
148.258	1.32331
148.51	1.1524
148.762	1.20123
149.013	1.37214
149.265	1.25983
149.517	1.30866
149.768	1.24518
150.02	1.54793
150.272	1.72372
150.524	1.08404
150.775	1.64559
151.027	1.76278
151.279	1.04497
151.53	1.64559
151.782	0.854534
152.034	1.33796
152.285	1.43073
152.537	1.29401
152.789	1.48445
153.04	1.38679
153.292	1.36725
153.544	1.18658
153.795	1.17682
154.047	1.24029
154.299	1.26959
154.55	1.56746
154.802	0.820353
155.054	1.53328
155.305	1.54793
155.557	1.17682
155.809	1.58211
156.06	1.37214
156.312	1.45515
156.564	1.78231
156.816	1.03032
157.067	1.54304
157.319	1.33796
157.571	1.58211
157.822	0.961961
158.074	1.64559
158.326	1.17682
158.577	1.81161
158.829	1.55281
159.081	1.56746
159.332	1.39655
159.584	1.75302
159.836	1.18658
160.087	1.20611
160.339	1.48933
160.591	1.46492
160.842	1.19635
161.094	1.45515
161.346	1.55769
161.597	1.04986
161.849	1.35749
162.101	1.50886
162.352	1.33307
162.604	1.26959
162.856	1.48933
163.108	1.06939
163.359	1.20611
163.611	1.48933
163.863	1.56746
164.114	1.11334
164.366	1.48445
164.618	1.29889
164.869	1.34772
165.121	1.42097
165.373	1.06451
165.624	0.869183
165.876	1.66024
166.128	1.56746
166.379	1.36237
166.631	1.211
166.883	1.4991
167.134	1.19635
167.386	1.29889
167.638	1.35749
167.889	0.991259
168.141	1.29889
168.393	1.45515
168.644	1.3819
168.896	1.62117
169.148	1.26959
169.4	1.70418
169.651	1.16217
169.903	1.34284
170.155	1.58699
170.406	1.17682
170.658	1.20611
170.91	0.991259
171.161	1.86533
171.413	1.38679
171.665	1.73348
171.916	0.952195
172.168	1.35749
172.42	1.71395
172.671	1.48445
172.923	1.51863
173.175	1.62606
173.426	1.17193
173.678	1.72372
173.93	1.25494
174.181	1.24029
174.433	1.50398
174.685	1.47956
174.936	0.869183
175.188	1.42097
175.44	1.23541
175.692	1.47956
175.943	1.41608
176.195	1.20611
176.447	1.12798
176.698	0.913131
176.95	1.31354
177.202	1.211
177.453	1.14752
177.705	1.57723
177.957	1.35749
178.208	1.35749
178.46	1.47956
178.712	1.47468
178.963	1.62606
179.215	1.38679
179.467	1.60652
179.718	1.39655
179.97	1.23053
180.222	1.02056
180.473	1.07427
180.725	1.4698
180.977	1.4112
181.228	1.39655
181.48	1.35261
181.732	1.4698
181.984	1.13287
182.235	1.24518
182.487	1.41608
182.739	1.34772
182.99	1.30377
183.242	1.23053
183.494	1.31354
183.745	1.52351
183.997	1.13287
184.249	1.70907
184.5	1.41608
184.752	1.4112
185.004	1.34284
185.255	1.16217
185.507	1.53328
185.759	1.33307
186.01	1.50398
186.262	1.34772
186.514	1.26959
186.765	1.13775
187.017	1.33796
187.269	1.25006
187.52	0.903364
187.772	0.854534
188.024	1.24029
188.276	1.27936
188.527	1.1231
188.779	1.54304
189.031	1.31842
189.282	1.70418
189.534	1.26471
189.786	1.31842
190.037	1.02056
190.289	1.30377
190.541	1.03032
190.792	1.25983
191.044	1.37214
191.296	1.28913
191.547	1.03032
191.799	1.33796
192.051	1.89462
192.302	1.1817
192.554	1.27936
192.806	1.03032
193.057	1.29401
193.309	1.39655
193.561	1.29889
193.812	1.28913
194.064	1.15728
194.316	1.07915
194.568	1.35749
194.819	1.45515
195.071	0.961961
195.323	1.37214
195.574	1.35749
195.826	1.35749
196.078	1.30377
196.329	1.211
196.581	1.30377
196.833	1.30866
197.084	1.211
197.336	1.23541
197.588	1.13775
197.839	1.26471
198.091	1.32331
198.343	1.43073
198.594	1.32331
198.846	1.10845
199.098	1.02056
199.349	1.19146
199.601	1.24029
199.853	1.39167
200.104	1.38679
200.356	0.908247
200.608	1.11334
200.86	0.918014
201.111	1.24029
201.363	1.09869
201.615	1.33796
201.866	0.810586
202.118	1.36725
202.37	1.03521
202.621	1.4698
202.873	0.996142
203.125	1.36237
203.376	1.37214
203.628	1.32819
203.88	1.211
204.131	1.1817
204.383	0.922897
204.635	1.44538
204.886	1.4112
205.138	1.32819
205.39	1.30377
205.641	1.34772
205.893	1.56746
206.145	1.28913
206.396	1.3819
206.648	1.20123
206.9	1.19146
207.152	1.22565
207.403	1.70907
207.655	1.40144
207.907	1.3819
208.158	1.52839
208.41	1.22565
208.662	1.33307
208.913	1.13775
209.165	1.01079
209.417	1.47468
209.668	1.7579
209.92	1.33307
210.172	1.29401
210.423	1.29889
210.675	1.4405
210.927	1.14752
211.178	1.39167
211.43	1.33307
211.682	0.996142
211.933	1.10845
212.185	1.49421
212.437	1.48933
212.688	1.36237
212.94	1.56258
213.192	1.08892
213.444	1.47468
213.695	1.40632
213.947	1.50398
214.199	1.51375
214.45	1.23053
214.702	1.40144
214.954	1.00591
215.205	1.23053
215.457	0.810586
215.709	0.986376
215.96	1.11334
216.212	1.29889
216.464	1.32819
216.715	1.30866
216.967	1.16217
217.219	1.14752
217.47	1.19146
217.722	1.20123
217.974	1.18658
218.225	1.34284
218.477	1.211
218.729	0.92778
218.98	1.53328
219.232	1.1817
219.484	1.40144
219.736	1.10845
219.987	1.34772
220.239	1.27936
220.491	1.35749
220.742	1.20611
220.994	1.47956
221.246	1.10845
221.497	0.92778
221.749	1.21588
222.001	0.683627
222.252	1.46003
222.504	1.14263
222.756	1.25983
223.007	1.05474
223.259	1.26471
223.511	0.971727
223.762	1.13287
224.014	1.01567
224.266	1.02544
224.517	1.22076
224.769	1.4112
225.021	1.03032
225.272	1.39655
225.524	1.32331
225.776	1.28913
226.028	1.40144
226.279	1.36237
226.531	1.03521
226.783	0.947312
227.034	1.38679
227.286	1.33796
227.538	1.1817
227.789	0.893598
228.041	1.1524
228.293	1.23053
228.544	1.59676
228.796	1.20123
229.048	1.33307
229.299	1.35749
229.551	1.16217
229.803	1.18658
230.054	0.952195
230.306	1.30866
230.558	0.971727
230.809	1.25983
231.061	0.97661
231.313	0.957078
231.564	1.00103
231.816	0.903364
232.068	1.37702
232.32	0.825236
232.571	1.24518
232.823	1.10357
233.075	1.26471
233.326	1.4698
233.578	1.28424
233.83	1.09869
234.081	1.12798
234.333	1.18658
234.585	1.54793
234.836	1.27936
235.088	1.4112
235.34	1.05962
235.591	0.522486
235.843	0.966844
236.095	1.12798
236.346	1.46003
236.598	1.0938
236.85	1.15728
237.101	1.12798
237.353	0.952195
237.605	1.26471
237.856	1.1817
238.108	1.211
238.36	0.791054
238.612	1.08404
238.863	1.03521
239.115	1.41608
239.367	0.908247
239.618	1.28913
239.87	1.13775
240.122	1.05962
240.373	1.10357
240.625	0.712925
240.877	1.25006
241.128	1.22076
241.38	1.02544
241.632	1.24518
241.883	1.55281
242.135	1.02544
242.387	1.14752
242.638	1.45515
242.89	1.42585
243.142	1.1524
243.393	1.17682
243.645	1.17193
243.897	1.16217
244.148	1.28913
244.4	1.33307
244.652	1.50398
244.904	1.19635
245.155	1.30866
245.407	1.26471
245.659	1.02056
245.91	1.00103
246.162	0.937546
246.414	1.23053
246.665	1.15728
246.917	1.35261
247.169	1.44538
247.42	1.00103
247.672	0.874066
247.924	1.51863
248.175	1.10357
248.427	1.08404
248.679	1.30377
248.93	1.12798
249.182	1.35749
249.434	1.22076
249.685	1.3819
249.937	1.30377
250.189	1.14263
250.44	1.03521
250.692	1.1817
250.944	1.08404
251.196	1.07915
251.447	1.33307
251.699	1.23053
251.951	0.913131
252.202	1.23541
252.454	1.39655
252.706	1.03521
252.957	1.0938
253.209	0.742224
253.461	1.51375
253.712	1.14752
253.964	1.26959
254.216	0.903364
254.467	0.92778
254.719	0.922897
254.971	1.16705
255.222	1.31354
255.474	1.18658
255.726	1.10845
255.977	1.07915
256.229	1.42097
256.481	1.33796
256.732	1.19146
256.984	1.17682
257.236	1.45515
257.488	1.21588
257.739	1.19146
257.991	1.00591
258.243	1.40632
258.494	0.766639
258.746	1.31842
258.998	1.04986
259.249	1.08892
259.501	1.36725
259.753	1.00591
260.004	1.21588
260.256	0.996142
260.508	1.06939
260.759	1.19635
261.011	0.981493
261.263	1.4698
261.514	0.859417
261.766	1.05962
262.018	1.23053
262.269	1.11334
262.521	1.90439
262.773	1.1524
263.024	1.29889
263.276	1.41608
263.528	1.29889
263.78	1.1817
264.031	1.18658
264.283	1.37702
264.535	1.36725
264.786	1.16217
265.038	1.20123
265.29	1.26471
265.541	1.25006
265.793	0.893598
266.045	0.903364
266.296	1.25494
266.548	1.21588
266.8	1.39655
267.051	0.986376
267.303	1.02056
267.555	1.63582
267.806	1.10845
268.058	1.39167
268.31	1.17682
268.561	1.25494
268.813	1.31354
269.065	0.878949
269.316	0.625031
269.568	1.26959
269.82	1.47956
270.072	1.06939
270.323	1.1817
270.575	1.35749
270.827	1.07915
271.078	1.25983
271.33	1.24518
271.582	1.35261
271.833	0.961961
272.085	0.869183
272.337	1.10357
272.588	1.20611
272.84	0.932663
273.092	0.898481
273.343	1.05474
273.595	1.19146
273.847	1.4698
274.098	1.25494
274.35	1.24029
274.602	1.02056
274.853	1.23541
275.105	0.771522
275.357	1.36725
275.608	1.08892
275.86	1.51375
276.112	1.08892
276.364	1.15728
276.615	1.25983
276.867	1.17682
277.119	1.02056
277.37	1.24518
277.622	1.71395
277.874	1.12798
278.125	1.04986
278.377	1.10845
278.629	1.02544
278.88	1.22076
279.132	1.43073
279.384	0.795937
279.635	0.903364
279.887	0.947312
280.139	0.942429
280.39	1.42585
280.642	0.742224
280.894	1.25983
281.145	1.0938
281.397	1.04986
281.649	1.34772
281.9	1.05474
282.152	1.13287
282.404	0.981493
282.656	1.18658
282.907	0.893598
283.159	1.05962
283.411	0.937546
283.662	0.81547
283.914	0.854534
284.166	0.986376
284.417	1.04009
284.669	1.14263
284.921	1.14263
285.172	1.24518
285.424	1.24518
285.676	0.942429
285.927	1.04009
286.179	1.11822
286.431	1.17193
286.682	0.63968
286.934	1.22076
287.186	1.08892
287.437	0.795937
287.689	1.04986
287.941	0.932663
288.192	1.22565
288.444	1.03032
288.696	1.04009
288.948	0.825236
289.199	0.771522
289.451	1.19146
289.703	0.581083
289.954	1.23541
290.206	0.766639
290.458	1.16217
290.709	1.24029
290.961	1.02056
291.213	1.09869
291.464	0.859417
291.716	1.30866
291.968	1.06939
292.219	0.766639
292.471	0.961961
292.723	0.913131
292.974	0.92778
293.226	1.29889
293.478	1.34772
293.729	0.957078
293.981	1.03521
294.233	1.02544
294.484	1.25494
294.736	1.43073
294.988	0.986376
295.24	1.23053
295.491	0.986376
295.743	0.903364
295.995	1.24029
296.246	0.820353
296.498	1.11822
296.75	1.39167
297.001	0.966844
297.253	1.05962
297.505	1.35261
297.756	1.73837
298.008	1.11822
298.26	1.11334
298.511	1.22076
298.763	1.53328
299.015	0.922897
299.266	1.1524
299.518	0.888715
299.77	1.00103
300.021	1.28913
300.273	0.8643
300.525	0.820353
300.776	0.766639
301.028	1.27448
301.28	1.26471
301.532	1.01079
301.783	1.20123
302.035	0.849651
302.287	1.34772
302.538	1.01567
302.79	1.15728
303.042	1.06939
303.293	1.28913
303.545	1.10845
303.797	0.776405
304.048	0.996142
304.3	0.781288
304.552	0.835002
304.803	1.36725
305.055	1.06939
305.307	1.20611
305.558	1.36725
305.81	0.839885
306.062	0.81547
306.313	1.63094
306.565	0.629914
306.817	0.874066
307.068	1.4112
307.32	1.48933
307.572	1.25006
307.824	1.04009
308.075	1.20123
308.327	1.20123
308.579	0.996142
308.83	1.11334
309.082	1.16217
309.334	1.24518
309.585	1.24518
309.837	1.09869
310.089	0.878949
310.34	1.07915
310.592	1.16705
310.844	1.32331
311.095	1.40632
311.347	1.14752
311.599	1.56258
311.85	1.25494
312.102	0.795937
312.354	1.09869
312.605	0.932663
312.857	1.15728
313.109	1.02056
313.36	1.12798
313.612	0.97661
313.864	1.16217
314.116	1.01567
314.367	1.17682
314.619	0.913131
314.871	1.23053
315.122	1.34284
315.374	1.24518
315.626	1.37214
315.877	1.30866
316.129	0.898481
316.381	1.10845
316.632	1.56746
316.884	1.25006
317.136	0.595732
317.387	0.693393
317.639	0.971727
317.891	1.24029
318.142	0.698276
318.394	1.02544
318.646	1.27936
318.897	0.922897
319.149	1.39167
319.401	0.844768
319.652	1.35749
319.904	1.05962
320.156	0.722692
320.408	1.10357
320.659	1.11822
320.911	0.781288
321.163	1.29889
321.414	1.32331
321.666	1.22076
321.918	0.883832
322.169	0.957078
322.421	1.04986
322.673	0.742224
322.924	1.04497
323.176	1.1231
323.428	0.966844
323.679	1.06939
323.931	0.849651
324.183	1.35749
324.434	1.42097
324.686	0.737341
324.938	1.20611
325.189	0.839885
325.441	0.947312
325.693	1.4112
325.944	0.986376
326.196	0.888715
326.448	0.605498
326.7	1.43073
326.951	1.31842
327.203	0.708042
327.455	1.37702
327.706	1.13287
327.958	1.03521
328.21	0.791054
328.461	1.14752
328.713	1.22076
328.965	0.966844
329.216	0.952195
329.468	0.786171
329.72	1.11822
329.971	1.34772
330.223	1.19146
330.475	0.869183
330.726	1.0938
330.978	1.35749
331.23	1.20123
331.481	1.02544
331.733	1.26471
331.985	1.24029
332.236	0.781288
332.488	1.14263
332.74	0.957078
332.992	1.16705
333.243	0.952195
333.495	0.756873
333.747	1.20611
333.998	1.14752
334.25	1.19146
334.502	1.24029
334.753	0.903364
335.005	1.04009
335.257	0.791054
335.508	1.13287
335.76	1.04986
336.012	1.23053
336.263	0.952195
336.515	0.991259
336.767	0.805703
337.018	0.727575
337.27	0.981493
337.522	0.898481
337.773	1.04009
338.025	1.08892
338.277	0.747107
338.528	1.30866
338.78	0.634797
339.032	1.40144
339.284	0.981493
339.535	0.795937
339.787	1.36725
340.039	1.11334
340.29	1.17682
340.542	0.952195
340.794	1.33796
341.045	1.11334
341.297	1.38679
341.549	1.4698
341.8	1.27448
342.052	1.01567
342.304	1.28913
342.555	1.01079
342.807	0.97661
343.059	0.888715
343.31	0.712925
343.562	1.26959
343.814	1.06451
344.065	1.40632
344.317	0.825236
344.569	1.06939
344.82	1.04009
345.072	1.40144
345.324	1.06451
345.576	0.708042
345.827	1.00591
346.079	1.32331
346.331	1.07915
346.582	1.17193
346.834	0.703159
347.086	1.02056
347.337	1.03521
347.589	0.961961
347.841	1.22565
348.092	1.08892
348.344	0.849651
348.596	1.70418
348.847	0.869183
349.099	0.932663
349.351	0.942429
349.602	1.06939
349.854	1.43562
350.106	0.903364
350.357	0.81547
350.609	0.903364
350.861	1.1524
351.112	1.04986
351.364	1.15728
351.616	0.957078
351.868	0.947312
352.119	1.50886
352.371	1.25983
352.623	1.07915
352.874	0.80082
353.126	1.25006
353.378	1.36237
353.629	0.908247
353.881	1.24029
354.133	0.590849
354.384	0.835002
354.636	1.02544
354.888	1.28913
355.139	1.4112
355.391	0.771522
355.643	1.17193
355.894	0.80082
356.146	1.43073
356.398	1.211
356.649	0.888715
356.901	1.43073
357.153	0.981493
357.404	1.211
357.656	1.00591
357.908	1.14752
358.16	1.44538
358.411	1.4698
358.663	1.17193
358.915	1.10845
359.166	0.825236
359.418	0.893598
359.67	0.908247
359.921	0.620147
360.173	1.21588
360.425	1.211
360.676	0.869183
360.928	1.16705
361.18	1.20611
361.431	0.996142
361.683	1.03521
361.935	1.26471
362.186	1.12798
362.438	1.07915
362.69	0.932663
362.941	0.908247
363.193	1.29401
363.445	1.07915
363.696	0.918014
363.948	0.888715
364.2	1.4698
364.452	1.07915
364.703	0.991259
364.955	0.961961
365.207	0.981493
365.458	0.937546
365.71	0.932663
365.962	0.859417
366.213	1.1231
366.465	0.966844
366.717	1.0938
366.968	1.1524
367.22	0.659212
367.472	0.932663
367.723	0.937546
367.975	0.478539
368.227	1.07427
368.478	1.05962
368.73	1.05962
368.982	1.00591
369.233	1.0938
369.485	1.04497
369.737	0.903364
369.988	1.13287
370.24	0.854534
370.492	1.04497
370.744	1.36237
370.995	1.10357
371.247	1.05962
371.499	0.971727
371.75	1.11822
372.002	0.625031
372.254	0.825236
372.505	0.791054
372.757	1.21588
373.009	0.761756
373.26	1.19146
373.512	0.727575
373.764	1.17193
374.015	1.12798
374.267	1.23541
374.519	0.859417
374.77	0.835002
375.022	1.03521
375.274	1.13775
375.525	1.10357
375.777	0.937546
376.029	1.09869
376.28	1.13287
376.532	0.5762
376.784	1.211
377.036	0.835002
377.287	1.04986
377.539	1.40144
377.791	0.942429
378.042	0.859417
378.294	0.620147
378.546	0.874066
378.797	1.09869
379.049	1.29889
379.301	1.26471
379.552	1.23053
379.804	1.32331
380.056	1.12798
380.307	0.507837
380.559	1.10845
380.811	1.07915
381.062	1.00591
381.314	0.996142
381.566	1.18658
381.817	0.771522
382.069	1.40632
382.321	1.03032
382.572	1.52839
382.824	1.14263
383.076	1.25006
383.328	1.15728
383.579	1.05474
383.831	0.947312
384.083	0.771522
384.334	0.786171
384.586	0.996142
384.838	0.898481
385.089	0.678744
385.341	0.991259
385.593	0.839885
385.844	1.20611
386.096	1.14263
386.348	1.03521
386.599	1.22565
386.851	0.874066
387.103	1.48445
387.354	1.22076
387.606	0.932663
387.858	0.80082
388.109	1.16217
388.361	1.16705
388.613	1.02544
388.864	1.17193
389.116	1.13775
389.368	0.883832
389.62	0.878949
389.871	1.10357
390.123	0.961961
390.375	0.859417
390.626	1.4112
390.878	0.991259
391.13	1.04497
391.381	0.966844
391.633	1.04009
391.885	1.18658
392.136	0.913131
392.388	1.11334
392.64	1.16705
392.891	1.31354
393.143	1.06451
393.395	1.03521
393.646	1.04009
393.898	0.878949
394.15	1.1817
394.401	0.747107
394.653	1.17682
394.905	1.02544
395.156	1.04497
395.408	0.791054
395.66	0.8643
395.912	1.33796
396.163	0.937546
396.415	1.05962
396.667	0.869183
396.918	0.810586
397.17	0.883832
397.422	1.07427
397.673	0.932663
397.925	1.50398
398.177	0.678744
398.428	1.19146
398.68	0.375995
398.932	1.29401
399.183	0.898481
399.435	0.75199
399.687	1.1817
399.938	0.839885
400.19	1.01079
400.442	0.722692
400.693	1.22565
400.945	0.893598
401.197	1.42097
401.448	0.878949
401.7	0.830119
401.952	1.16705
402.204	1.16705
402.455	1.26959
402.707	0.63968
402.959	1.00103
403.21	1.24518
403.462	0.966844
403.714	0.942429
403.965	1.14752
404.217	0.971727
404.469	0.932663
404.72	0.791054
404.972	1.13287
405.224	0.878949
405.475	1.04497
405.727	1.34772
405.979	0.795937
406.23	1.18658
406.482	0.922897
406.734	1.04497
406.985	0.659212
407.237	0.791054
407.489	0.981493
407.74	1.04986
407.992	1.28424
408.244	1.23053
408.496	0.703159
408.747	1.03032
408.999	0.883832
409.251	0.888715
409.502	0.903364
409.754	0.903364
410.006	0.913131
410.257	0.81547
410.509	1.22076
410.761	0.849651
411.012	0.893598
411.264	0.698276
411.516	0.8643
411.767	0.932663
412.019	1.51375
412.271	0.761756
412.522	1.11822
412.774	1.07915
413.026	0.810586
413.277	1.3819
413.529	0.908247
413.781	0.898481
414.032	1.18658
414.284	0.820353
414.536	1.04497
414.788	1.4112
415.039	1.22565
415.291	1.23053
415.543	0.791054
415.794	1.05962
416.046	0.986376
416.298	1.06939
416.549	1.13775
416.801	0.761756
417.053	1.14752
417.304	1.34772
417.556	0.854534
417.808	0.805703
418.059	0.678744
418.311	0.996142
418.563	0.961961
418.814	0.869183
419.066	1.04497
419.318	1.25006
419.569	0.869183
419.821	0.898481
420.073	0.747107
420.324	1.46003
420.576	1.02056
420.828	0.556668
421.08	1.05474
421.331	1.26959
421.583	1.14752
421.835	1.06939
422.086	0.893598
422.338	1.32819
422.59	1.06939
422.841	1.01079
423.093	0.996142
423.345	0.844768
423.596	1.0938
423.848	1.23541
424.1	0.683627
424.351	1.05474
424.603	1.01079
424.855	1.16705
425.106	0.737341
425.358	1.13775
425.61	1.16217
425.861	1.0938
426.113	0.903364
426.365	1.10357
426.616	0.717808
426.868	0.585966
427.12	1.05962
427.372	0.776405
427.623	0.75199
427.875	1.19146
428.127	0.986376
428.378	0.971727
428.63	1.22076
428.882	1.25006
429.133	0.732458
429.385	0.981493
429.637	1.13287
429.888	1.11822
430.14	1.00103
430.392	1.13287
430.643	0.849651
430.895	1.09869
431.147	1.09869
431.398	0.830119
431.65	0.839885
431.902	0.546902
432.153	0.869183
432.405	1.31842
432.657	1.25006
432.908	1.03032
433.16	1.19146
433.412	0.644563
433.664	0.673861
433.915	1.16705
434.167	1.42097
434.419	1.23541
434.67	1.16705
434.922	1.1231
435.174	0.957078
435.425	0.971727
435.677	0.517603
435.929	0.776405
436.18	0.937546
436.432	1.01567
436.684	1.05962
436.935	0.986376
437.187	0.80082
437.439	0.918014
437.69	0.68851
437.942	1.20611
438.194	1.20123
438.445	0.859417
438.697	0.918014
438.949	0.781288
439.2	0.986376
439.452	1.20123
439.704	0.898481
439.956	0.854534
440.207	1.12798
440.459	0.771522
440.711	1.16217
440.962	0.727575
441.214	1.03032
441.466	0.922897
441.717	0.449241
441.969	0.957078
442.221	1.05474
442.472	1.00591
442.724	0.761756
442.976	1.10357
443.227	1.00591
443.479	1.05474
443.731	1.20611
443.982	0.966844
444.234	0.483422
444.486	0.703159
444.737	0.918014
444.989	0.795937
445.241	1.04497
445.492	0.747107
445.744	1.35749
445.996	0.483422
446.248	0.903364
446.499	1.05962
446.751	0.830119
447.003	1.04497
447.254	1.07427
447.506	0.883832
447.758	1.03521
448.009	0.932663
448.261	1.10845
448.513	1.24518
448.764	0.683627
449.016	0.937546
449.268	0.756873
449.519	0.942429
449.771	1.03032
450.023	0.957078
450.274	0.795937
450.526	1.20611
450.778	0.893598
451.029	0.537136
451.281	0.595732
451.533	1.07915
451.784	1.1524
452.036	0.898481
452.288	0.771522
452.54	1.24518
452.791	1.11822
453.043	0.893598
453.295	1.10357
453.546	1.16217
453.798	0.869183
454.05	0.961961
454.301	1.04009
454.553	1.09869
454.805	1.03521
455.056	0.8643
455.308	1.28913
455.56	0.571317
455.811	1.43073
456.063	0.986376
456.315	0.996142
456.566	0.810586
456.818	1.20123
457.07	1.08404
457.321	0.971727
457.573	1.26471
457.825	1.10845
458.076	1.4405
458.328	0.888715
458.58	0.747107
458.832	0.878949
459.083	0.991259
459.335	0.546902
459.587	0.966844
459.838	0.932663
460.09	1.27936
460.342	0.712925
460.593	1.20611
460.845	0.893598
461.097	0.952195
461.348	0.952195
461.6	0.556668
461.852	0.761756
462.103	1.23541
462.355	1.54304
462.607	0.732458
462.858	1.01079
463.11	0.908247
463.362	1.11334
463.613	0.546902
463.865	1.01567
464.117	1.06939
464.368	1.19146
464.62	0.849651
464.872	0.8643
465.124	0.776405
465.375	0.8643
465.627	0.615264
465.879	1.03032
466.13	0.820353
466.382	0.898481
466.634	0.869183
466.885	0.878949
467.137	1.02544
467.389	0.629914
467.64	1.22565
467.892	0.717808
468.144	0.771522
468.395	1.00591
468.647	0.883832
468.899	1.26959
469.15	0.92778
469.402	0.996142
469.654	0.795937
469.905	0.75199
470.157	1.18658
470.409	1.01079
470.66	0.859417
470.912	0.649446
471.164	0.742224
471.416	1.07915
471.667	1.04497
471.919	0.957078
472.171	0.8643
472.422	0.888715
472.674	1.03521
472.926	1.1817
473.177	1.04497
473.429	1.11822
473.681	1.28913
473.932	0.966844
474.184	0.957078
474.436	0.80082
474.687	0.922897
474.939	0.786171
475.191	0.888715
475.442	1.08404
475.694	0.820353
475.946	0.952195
476.197	1.06939
476.449	0.712925
476.701	0.883832
476.952	0.80082
477.204	0.727575
477.456	0.883832
477.708	1.18658
477.959	1.02544
478.211	1.11822
478.463	0.683627
478.714	0.835002
478.966	1.07427
479.218	1.04009
479.469	0.908247
479.721	0.781288
479.973	0.957078
480.224	1.1231
480.476	1.09869
480.728	1.07427
480.979	1.01567
481.231	0.893598
481.483	1.1231
481.734	1.10845
481.986	1.16705
482.238	0.918014
482.489	1.1231
482.741	0.590849
482.993	1.13775
483.244	1.02544
483.496	0.835002
483.748	0.932663
484	0.659212
484.251	0.556668
484.503	1.02056
484.755	1.11334
485.006	1.10845
485.258	1.211
485.51	0.966844
485.761	1.03521
486.013	1.08892
486.265	1.03521
486.516	0.693393
486.768	1.32819
487.02	0.722692
487.271	0.839885
487.523	0.952195
487.775	1.02544
488.026	1.25494
488.278	0.405293
488.53	0.986376
488.781	1.04009
489.033	0.429708
489.285	0.498071
489.536	0.776405
489.788	1.16705
490.04	0.825236
490.292	1.11334
490.543	0.454124
490.795	0.698276
491.047	0.732458
491.298	0.913131
491.55	0.644563
491.802	1.02056
492.053	1.23053
492.305	1.16705
492.557	0.727575
492.808	0.63968
493.06	0.97661
493.312	1.19146
493.563	0.922897
493.815	0.644563
494.067	1.13287
494.318	0.776405
494.57	1.03032
494.822	1.04497
495.073	0.810586
495.325	1.05962
495.577	0.903364
495.828	1.29889
496.08	0.952195
496.332	1.05962
496.584	1.30866
496.835	0.918014
497.087	0.825236
497.339	0.97661
497.59	0.986376
497.842	1.07427
498.094	0.903364
498.345	0.903364
498.597	0.903364
498.849	1.34284
499.1	0.869183
499.352	1.25983
499.604	1.10845
499.855	0.844768
500.107	1.17682
500.359	0.766639
500.61	0.532253
500.862	0.918014
501.114	0.952195
501.365	1.09869
501.617	0.776405
501.869	0.922897
502.12	0.654329
502.372	0.898481
502.624	0.966844
502.876	1.20611
503.127	1.13287
503.379	1.30377
503.631	0.966844
503.882	0.903364
504.134	0.810586
504.386	0.776405
504.637	0.668978
504.889	0.952195
505.141	0.747107
505.392	0.678744
505.644	1.11334
505.896	0.722692
506.147	0.957078
506.399	1.01079
506.651	0.874066
506.902	0.634797
507.154	1.04986
507.406	0.922897
507.657	0.722692
507.909	0.566434
508.161	0.795937
508.412	0.932663
508.664	1.14752
508.916	0.786171
509.168	1.08892
509.419	1.21588
509.671	0.732458
509.923	0.913131
510.174	0.556668
510.426	0.537136
510.678	0.698276
510.929	0.893598
511.181	0.874066
511.433	0.932663
511.684	0.918014
511.936	0.830119
512.188	0.918014
512.439	1.04497
512.691	0.92778
512.943	1.08892
513.194	1.04986
513.446	0.708042
513.698	0.771522
513.949	1.01567
514.201	0.835002
514.453	0.971727
514.704	0.791054
514.956	1.02544
515.208	0.795937
515.46	1.08404
515.711	0.737341
515.963	0.854534
516.215	0.439475
516.466	1.14752
516.718	0.878949
516.97	0.849651
517.221	0.644563
517.473	0.673861
517.725	0.742224
517.976	0.81547
518.228	0.75199
518.48	0.898481
518.731	0.893598
518.983	0.673861
519.235	1.04009
519.486	0.913131
519.738	0.903364
519.99	0.937546
520.241	0.966844
520.493	1.13287
520.745	0.693393
520.996	0.996142
521.248	0.820353
521.5	0.869183
521.752	1.07915
522.003	1.1231
522.255	0.708042
522.507	0.590849
522.758	0.659212
523.01	0.97661
523.262	0.795937
523.513	0.805703
523.765	0.966844
524.017	1.07915
524.268	0.883832
524.52	0.849651
524.772	0.81547
525.023	0.874066
525.275	0.874066
525.527	0.913131
525.778	0.971727
526.03	0.869183
526.282	1.18658
526.533	1.03032
526.785	0.732458
527.037	0.874066
527.288	0.766639
527.54	0.996142
527.792	0.966844
528.044	1.44538
528.295	0.80082
528.547	1.16705
528.799	0.747107
529.05	1.05962
529.302	1.14263
529.554	0.75199
529.805	0.986376
530.057	0.244153
530.309	1.17193
530.56	0.771522
530.812	0.942429
531.064	0.493188
531.315	0.795937
531.567	0.849651
531.819	0.80082
532.07	1.19635
532.322	1.22565
532.574	0.810586
532.825	0.649446
533.077	0.952195
533.329	0.654329
533.58	1.07915
533.832	0.908247
534.084	0.52737
534.336	1.10845
534.587	0.844768
534.839	0.346697
535.091	1.04497
535.342	0.81547
535.594	0.644563
535.846	1.19635
536.097	0.830119
536.349	1.04986
536.601	0.991259
536.852	0.996142
537.104	0.766639
537.356	1.18658
537.607	0.747107
537.859	0.981493
538.111	0.766639
538.362	0.991259
538.614	0.678744
538.866	0.810586
539.117	1.07915
539.369	0.835002
539.621	0.8643
539.872	0.620147
540.124	0.947312
540.376	0.97661
540.628	1.00103
540.879	1.03521
541.131	0.571317
541.383	0.424825
541.634	1.26471
541.886	0.703159
542.138	0.766639
542.389	0.8643
542.641	0.869183
542.893	0.771522
543.144	1.11334
543.396	0.703159
543.648	0.854534
543.899	0.859417
544.151	1.27448
544.403	1.03521
544.654	1.31842
544.906	1.03521
545.158	1.08892
545.409	1.11334
545.661	0.981493
545.913	0.566434
546.164	1.27448
546.416	0.585966
546.668	0.732458
546.92	0.893598
547.171	0.878949
547.423	0.810586
547.675	0.947312
547.926	1.20123
548.178	1.27448
548.43	0.991259
548.681	0.878949
548.933	1.03521
549.185	1.1817
549.436	0.581083
549.688	0.839885
549.94	0.781288
550.191	1.09869
550.443	0.966844
550.695	1.07427
550.946	0.517603
551.198	0.722692
551.45	0.825236
551.701	0.981493
551.953	0.883832
552.205	0.957078
552.456	0.517603
552.708	0.932663
552.96	1.04009
553.212	0.957078
553.463	0.590849
553.715	0.810586
553.967	0.839885
554.218	0.542019
554.47	1.08892
554.722	1.0938
554.973	1.17193
555.225	1.01079
555.477	0.307632
555.728	0.459007
555.98	0.771522
556.232	1.07915
556.483	0.571317
556.735	1.42097
556.987	0.932663
557.238	0.732458
557.49	0.605498
557.742	0.771522
557.993	0.947312
558.245	1.34772
558.497	1.19635
558.748	1.01079
559	1.04986
559.252	0.625031
559.504	0.390644
559.755	0.625031
560.007	0.961961
560.259	0.649446
560.51	0.981493
560.762	0.795937
561.014	1.10845
561.265	0.888715
561.517	1.25494
561.769	0.898481
562.02	1.02056
562.272	1.16705
562.524	0.712925
562.775	1.29401
563.027	1.0938
563.279	0.81547
563.53	0.81547
563.782	1.03032
564.034	0.937546
564.285	0.903364
564.537	0.68851
564.789	0.869183
565.04	0.747107
565.292	0.810586
565.544	0.590849
565.796	0.791054
566.047	1.10845
566.299	0.737341
566.551	1.13287
566.802	1.16705
567.054	0.625031
567.306	0.932663
567.557	1.10357
567.809	1.04986
568.061	1.1817
568.312	1.04009
568.564	0.761756
568.816	0.810586
569.067	0.820353
569.319	0.810586
569.571	0.830119
569.822	0.737341
570.074	0.649446
570.326	0.859417
570.577	0.869183
570.829	1.08892
571.081	0.717808
571.332	0.888715
571.584	0.888715
571.836	0.849651
572.088	0.625031
572.339	0.971727
572.591	1.20123
572.843	1.01079
573.094	0.888715
573.346	0.869183
573.598	0.908247
573.849	0.805703
574.101	0.888715
574.353	0.878949
574.604	0.712925
574.856	0.595732
575.108	0.883832
575.359	0.732458
575.611	1.21588
575.863	0.869183
576.114	0.625031
576.366	0.835002
576.618	0.717808
576.869	0.542019
577.121	0.961961
577.373	0.747107
577.624	0.835002
577.876	1.07427
578.128	0.844768
578.38	1.05962
578.631	0.820353
578.883	0.717808
579.135	0.722692
579.386	0.771522
579.638	0.75199
579.89	0.722692
580.141	0.444358
580.393	1.17193
580.645	0.625031
580.896	0.712925
581.148	0.835002
581.4	0.874066
581.651	0.795937
581.903	0.932663
582.155	1.10357
582.406	0.966844
582.658	0.830119
582.91	0.820353
583.161	0.859417
583.413	0.937546
583.665	0.908247
583.916	1.31842
584.168	0.615264
584.42	1.14263
584.672	0.698276
584.923	0.439475
585.175	1.02056
585.427	0.820353
585.678	0.961961
585.93	1.05962
586.182	1.12798
586.433	0.903364
586.685	0.918014
586.937	0.971727
587.188	0.903364
587.44	0.820353
587.692	0.835002
587.943	1.22076
588.195	0.727575
588.447	0.795937
588.698	0.629914
588.95	0.830119
589.202	0.537136
589.453	0.737341
589.705	1.04986
589.957	1.16217
590.208	1.01079
590.46	0.825236
590.712	1.02056
590.964	0.795937
591.215	0.732458
591.467	0.566434
591.719	0.786171
591.97	0.932663
592.222	1.22076
592.474	1.16217
592.725	0.869183
592.977	0.820353
593.229	0.825236
593.48	1.10845
593.732	0.869183
593.984	1.32819
594.235	0.893598
594.487	0.883832
594.739	1.06451
594.99	1.14263
595.242	0.961961
595.494	1.1524
595.745	0.878949
595.997	1.08892
596.249	0.75199
596.5	0.97661
596.752	0.478539
597.004	0.922897
597.256	1.02544
597.507	0.75199
597.759	0.683627
598.011	1.05962
598.262	0.888715
598.514	1.01079
598.766	1.02544
599.017	0.68851
599.269	0.634797
599.521	0.727575
599.772	1.04497
600.024	0.634797
600.276	0.722692
600.527	0.898481
600.779	1.10845
601.031	0.722692
601.282	0.561551
601.534	1.1524
601.786	0.756873
602.037	0.898481
602.289	0.698276
602.541	0.888715
602.792	0.581083
603.044	0.732458
603.296	0.610381
603.548	0.961961
603.799	1.17682
604.051	0.781288
604.303	0.561551
604.554	0.771522
604.806	0.698276
605.058	1.10845
605.309	0.761756
605.561	0.644563
605.813	0.683627
606.064	1.19146
606.316	0.859417
606.568	0.634797
606.819	0.947312
607.071	0.5762
607.323	1.17682
607.574	0.673861
607.826	0.732458
608.078	0.600615
608.329	1.36237
608.581	0.805703
608.833	0.92778
609.084	0.756873
609.336	0.52737
609.588	0.776405
609.84	1.08404
610.091	0.844768
610.343	0.932663
610.595	0.878949
610.846	0.874066
611.098	0.961961
611.35	0.566434
611.601	0.610381
611.853	0.835002
612.105	0.595732
612.356	0.717808
612.608	1.33307
612.86	0.996142
613.111	0.849651
613.363	1.04497
613.615	0.419942
613.866	0.966844
614.118	0.957078
614.37	0.791054
614.621	1.1817
614.873	0.92778
615.125	0.888715
615.376	0.732458
615.628	1.21588
615.88	0.97661
616.132	1.01567
616.383	1.08404
616.635	1.05962
616.887	0.585966
617.138	0.659212
617.39	0.717808
617.642	0.854534
617.893	0.849651
618.145	0.786171
618.397	0.971727
618.648	1.16705
618.9	0.854534
619.152	1.10845
619.403	1.01079
619.655	0.5762
619.907	0.776405
620.158	0.825236
620.41	0.698276
620.662	0.659212
620.913	1.23053
621.165	0.605498
621.417	0.693393
621.668	1.03032
621.92	0.795937
622.172	0.634797
622.424	0.771522
622.675	0.429708
622.927	0.605498
623.179	0.742224
623.43	0.80082
623.682	0.615264
623.934	0.605498
624.185	1.25006
624.437	0.878949
624.689	1.06939
624.94	1.06451
625.192	0.708042
625.444	1.13287
625.695	1.25006
625.947	0.600615
626.199	0.610381
626.45	0.932663
626.702	0.903364
626.954	0.717808
627.205	0.859417
627.457	0.703159
627.709	0.766639
627.96	1.0938
628.212	0.844768
628.464	0.698276
628.716	1.01079
628.967	0.791054
629.219	0.668978
629.471	1.12798
629.722	0.839885
629.974	1.08404
630.226	1.03521
630.477	0.810586
630.729	0.654329
630.981	0.830119
631.232	0.766639
631.484	1.02544
631.736	1.02056
631.987	0.366229
632.239	0.849651
632.491	1.26959
632.742	1.03521
632.994	0.92778
633.246	0.537136
633.497	1.02056
633.749	0.678744
634.001	0.717808
634.252	0.761756
634.504	0.839885
634.756	0.937546
635.008	0.888715
635.259	0.996142
635.511	0.922897
635.763	1.00103
636.014	0.68851
636.266	0.683627
636.518	0.756873
636.769	0.722692
637.021	0.981493
637.273	0.493188
637.524	0.908247
637.776	1.05962
638.028	0.68851
638.279	1.00591
638.531	0.786171
638.783	0.854534
639.034	0.703159
639.286	1.21588
639.538	0.698276
639.789	0.961961
640.041	1.13287
640.293	0.810586
640.544	0.893598
640.796	0.517603
641.048	0.35158
641.3	1.08892
641.551	0.786171
641.803	0.712925
642.055	0.854534
642.306	0.747107
642.558	0.893598
642.81	1.12798
643.061	0.810586
643.313	1.06939
643.565	0.502954
643.816	1.12798
644.068	0.659212
644.32	0.971727
644.571	0.722692
644.823	0.683627
645.075	1.18658
645.326	0.200205
645.578	0.732458
645.83	0.722692
646.081	1.00591
646.333	0.766639
646.585	0.908247
646.836	0.556668
647.088	1.00103
647.34	0.532253
647.592	0.673861
647.843	1.14263
648.095	1.06451
648.347	0.761756
648.598	0.820353
648.85	0.830119
649.102	0.961961
649.353	0.502954
649.605	0.952195
649.857	1.09869
650.108	0.507837
650.36	1.14263
650.612	0.805703
650.863	0.874066
651.115	0.283217
651.367	0.869183
651.618	1.47468
651.87	0.888715
652.122	0.898481
652.373	1.12798
652.625	0.483422
652.877	0.708042
653.128	0.556668
653.38	0.805703
653.632	0.918014
653.884	1.11822
654.135	0.693393
654.387	0.717808
654.639	1.03032
654.89	1.02544
655.142	0.649446
655.394	1.22565
655.645	0.786171
655.897	0.595732
656.149	0.874066
656.4	0.410176
656.652	0.835002
656.904	0.81547
657.155	0.444358
657.407	0.820353
657.659	0.537136
657.91	0.698276
658.162	0.820353
658.414	0.869183
658.665	0.80082
658.917	0.918014
659.169	1.35261
659.42	0.756873
659.672	1.24518
659.924	0.913131
660.176	0.908247
660.427	0.81547
660.679	0.68851
660.931	0.615264
661.182	0.810586
661.434	0.996142
661.686	0.644563
661.937	0.97661
662.189	0.835002
662.441	0.620147
662.692	0.693393
662.944	1.34772
663.196	0.712925
663.447	0.229503
663.699	0.747107
663.951	0.839885
664.202	0.820353
664.454	0.81547
664.706	0.859417
664.957	1.16705
665.209	0.898481
665.461	0.81547
665.712	1.05474
665.964	0.966844
666.216	0.771522
666.468	1.09869
666.719	0.722692
666.971	1.10357
667.223	0.883832
667.474	0.932663
667.726	0.795937
667.978	0.664095
668.229	0.722692
668.481	0.986376
668.733	0.659212
668.984	0.336931
669.236	1.08892
669.488	0.141608
669.739	1.05474
669.991	0.869183
670.243	0.971727
670.494	0.922897
670.746	0.546902
670.998	0.830119
671.249	0.966844
671.501	1.04497
671.753	0.649446
672.004	1.00103
672.256	0.68851
672.508	1.17682
672.76	0.478539
673.011	0.498071
673.263	0.8643
673.515	1.12798
673.766	0.659212
674.018	0.991259
674.27	0.346697
674.521	1.02544
674.773	1.17193
675.025	0.11231
675.276	0.986376
675.528	1.11822
675.78	1.1231
676.031	0.761756
676.283	0.869183
676.535	1.16705
676.786	0.854534
677.038	0.634797
677.29	0.932663
677.541	0.869183
677.793	0.8643
678.045	0.786171
678.296	0.8643
678.548	0.668978
678.8	1.01079
679.052	0.835002
679.303	0.649446
679.555	0.874066
679.807	0.507837
680.058	0.747107
680.31	0.361346
680.562	0.629914
680.813	1.08892
681.065	1.00103
681.317	0.625031
681.568	1.19146
681.82	0.546902
682.072	0.693393
682.323	1.06939
682.575	0.581083
682.827	1.10845
683.078	0.903364
683.33	0.698276
683.582	0.820353
683.833	0.903364
684.085	0.68851
684.337	0.75199
684.588	1.10845
684.84	0.703159
685.092	0.712925
685.344	1.13775
685.595	0.825236
685.847	1.05962
686.099	0.859417
686.35	0.996142
686.602	0.981493
686.854	1.08892
687.105	0.971727
687.357	1.00591
687.609	0.776405
687.86	1.31842
688.112	1.05962
688.364	0.918014
688.615	1.31842
688.867	0.781288
689.119	1.00591
689.37	1.00591
689.622	0.854534
689.874	0.849651
690.125	0.781288
690.377	0.849651
690.629	0.756873
690.88	1.03521
691.132	0.625031
691.384	1.20611
691.636	0.883832
691.887	0.922897
692.139	0.532253
692.391	1.01079
692.642	0.46389
692.894	0.644563
693.146	0.649446
693.397	0.644563
693.649	0.566434
693.901	0.493188
694.152	1.13287
694.404	0.200205
694.656	0.625031
694.907	0.605498
695.159	1.28913
695.411	1.15728
695.662	0.766639
695.914	0.522486
696.166	0.908247
696.417	0.8643
696.669	0.874066
696.921	0.659212
697.172	0.629914
697.424	0.708042
697.676	0.849651
697.928	0.566434
698.179	1.04009
698.431	0.585966
698.683	0.439475
698.934	1.31354
699.186	0.888715
699.438	0.717808
699.689	1.06451
699.941	1.02056
700.193	0.966844
700.444	0.615264
700.696	0.786171
700.948	1.06451
701.199	0.40041
701.451	1.17682
701.703	0.771522
701.954	1.06451
702.206	0.629914
702.458	0.878949
702.709	1.01567
702.961	0.771522
703.213	0.654329
703.464	0.571317
703.716	0.761756
703.968	0.908247
704.22	0.668978
704.471	0.957078
704.723	0.859417
704.975	0.551785
705.226	0.903364
705.478	0.317398
705.73	0.971727
705.981	0.737341
706.233	0.52737
706.485	0.488305
706.736	0.786171
706.988	0.615264
707.24	0.678744
707.491	1.09869
707.743	0.737341
707.995	1.00591
708.246	0.81547
708.498	1.1817
708.75	1.02056
709.001	0.952195
709.253	0.92778
709.505	1.06451
709.756	0.795937
710.008	0.92778
710.26	0.966844
710.512	1.02544
710.763	0.835002
711.015	0.673861
711.267	0.849651
711.518	0.820353
711.77	0.698276
712.022	0.483422
712.273	0.737341
712.525	0.678744
712.777	0.888715
713.028	0.46389
713.28	0.747107
713.532	0.708042
713.783	0.908247
714.035	0.786171
714.287	0.468773
714.538	0.395527
714.79	0.5762
715.042	0.952195
715.293	0.468773
715.545	0.913131
715.797	0.922897
716.048	0.683627
716.3	0.991259
716.552	0.888715
716.804	0.537136
717.055	0.786171
717.307	0.473656
717.559	0.844768
717.81	1.06939
718.062	0.52737
718.314	0.522486
718.565	1.18658
718.817	0.854534
719.069	0.708042
719.32	0.942429
719.572	0.75199
719.824	0.849651
720.075	0.825236
720.327	0.703159
720.579	1.14263
720.83	0.942429
721.082	0.615264
721.334	1.23541
721.585	0.830119
721.837	0.522486
722.089	1.24029
722.34	1.04986
722.592	0.80082
722.844	0.97661
723.096	0.898481
723.347	0.795937
723.599	0.820353
723.851	1.01567
724.102	0.92778
724.354	0.888715
724.606	0.742224
724.857	0.75199
725.109	0.883832
725.361	0.625031
725.612	0.991259
725.864	1.06939
726.116	0.952195
726.367	0.859417
726.619	0.961961
726.871	0.659212
727.122	0.483422
727.374	0.571317
727.626	0.693393
727.877	0.722692
728.129	0.776405
728.381	0.556668
728.632	0.981493
728.884	0.620147
729.136	0.532253
729.388	0.708042
729.639	0.52737
729.891	0.888715
730.143	0.795937
730.394	0.854534
730.646	0.981493
730.898	0.781288
731.149	0.644563
731.401	0.732458
731.653	1.04497
731.904	0.996142
732.156	0.893598
732.408	0.708042
732.659	0.644563
732.911	1.06939
733.163	0.625031
733.414	0.854534
733.666	1.01079
733.918	0.8643
734.169	1.07427
734.421	0.634797
734.673	0.75199
734.924	0.654329
735.176	0.712925
735.428	0.878949
735.68	0.932663
735.931	0.859417
736.183	0.649446
736.435	0.51272
736.686	0.771522
736.938	0.961961
737.19	0.878949
737.441	0.996142
737.693	0.810586
737.945	0.727575
738.196	0.673861
738.448	0.590849
738.7	0.913131
738.951	1.08404
739.203	0.678744
739.455	0.766639
739.706	1.10357
739.958	0.693393
740.21	0.5762
740.461	0.46389
740.713	1.35261
740.965	0.849651
741.216	0.532253
741.468	0.888715
741.72	0.766639
741.972	0.52737
742.223	1.30377
742.475	0.981493
742.727	0.952195
742.978	0.844768
743.23	0.981493
743.482	1.00591
743.733	0.649446
743.985	0.981493
744.237	0.932663
744.488	0.493188
744.74	0.546902
744.992	0.791054
745.243	0.742224
745.495	1.03521
745.747	0.874066
745.998	0.703159
746.25	1.13775
746.502	0.795937
746.753	0.844768
747.005	0.546902
747.257	1.33307
747.508	1.34284
747.76	0.610381
748.012	0.75199
748.264	1.06939
748.515	0.532253
748.767	0.756873
749.019	0.742224
749.27	1.28424
749.522	0.791054
749.774	0.712925
750.025	0.859417
750.277	0.844768
750.529	0.859417
750.78	0.786171
751.032	0.727575
751.284	0.620147
751.535	0.80082
751.787	0.629914
752.039	0.835002
752.29	0.776405
752.542	0.63968
752.794	0.673861
753.045	0.708042
753.297	0.888715
753.549	1.07427
753.8	0.732458
754.052	0.75199
754.304	1.05962
754.556	0.698276
754.807	1.37702
755.059	1.03521
755.311	0.947312
755.562	0.346697
755.814	1.11822
756.066	0.620147
756.317	0.644563
756.569	0.654329
756.821	0.820353
757.072	0.75199
757.324	1.1231
757.576	0.869183
757.827	0.546902
758.079	0.966844
758.331	0.380878
758.582	0.678744
758.834	0.849651
759.086	0.835002
759.337	0.781288
759.589	0.708042
759.841	0.712925
760.092	0.839885
760.344	0.683627
760.596	0.908247
760.848	0.678744
761.099	1.40632
761.351	0.952195
761.603	0.81547
761.854	0.878949
762.106	0.888715
762.358	0.668978
762.609	0.473656
762.861	0.517603
763.113	0.659212
763.364	0.615264
763.616	0.981493
763.868	0.766639
764.119	0.766639
764.371	0.483422
764.623	0.703159
764.874	1.22076
765.126	0.742224
765.378	0.668978
765.629	0.722692
765.881	0.649446
766.133	0.8643
766.384	0.561551
766.636	0.429708
766.888	0.385761
767.14	0.859417
767.391	0.81547
767.643	0.571317
767.895	1.05474
768.146	1.16217
768.398	0.874066
768.65	0.791054
768.901	0.732458
769.153	0.693393
769.405	0.727575
769.656	0.517603
769.908	0.698276
770.16	0.434592
770.411	0.703159
770.663	0.766639
770.915	0.693393
771.166	0.761756
771.418	1.11334
771.67	0.913131
771.921	0.786171
772.173	0.893598
772.425	1.33307
772.676	0.498071
772.928	0.664095
773.18	0.844768
773.432	0.634797
773.683	0.322281
773.935	0.498071
774.187	0.830119
774.438	1.12798
774.69	0.561551
774.942	0.561551
775.193	0.659212
775.445	0.502954
775.697	0.874066
775.948	0.747107
776.2	0.898481
776.452	0.8643
776.703	0.546902
776.955	0.830119
777.207	0.727575
777.458	0.795937
777.71	0.732458
777.962	0.737341
778.213	0.849651
778.465	0.683627
778.717	0.659212
778.968	0.546902
779.22	1.08404
779.472	0.532253
779.724	0.756873
779.975	0.932663
780.227	0.610381
780.479	0.444358
780.73	1.09869
780.982	0.776405
781.234	0.717808
781.485	0.439475
781.737	0.844768
781.989	0.849651
782.24	0.75199
782.492	0.620147
782.744	0.795937
782.995	0.722692
783.247	0.795937
783.499	1.0938
783.75	0.810586
784.002	1.03032
784.254	0.791054
784.505	0.581083
784.757	0.620147
785.009	0.932663
785.26	0.585966
785.512	0.678744
785.764	0.522486
786.016	0.605498
786.267	0.937546
786.519	0.898481
786.771	0.849651
787.022	0.5762
787.274	1.25983
787.526	0.97661
787.777	0.561551
788.029	0.698276
788.281	1.01079
788.532	0.478539
788.784	0.615264
789.036	0.947312
789.287	0.996142
789.539	0.51272
789.791	0.996142
790.042	0.566434
790.294	0.683627
790.546	0.839885
790.797	0.698276
791.049	0.727575
791.301	0.737341
791.552	0.444358
791.804	0.708042
792.056	1.00103
792.308	0.805703
792.559	0.537136
792.811	1.10845
793.063	1.04009
793.314	0.830119
793.566	0.478539
793.818	0.581083
794.069	0.981493
794.321	0.844768
794.573	0.947312
794.824	0.68851
795.076	0.468773
795.328	0.878949
795.579	0.571317
795.831	1.11334
796.083	1.06939
796.334	0.991259
796.586	0.717808
796.838	0.419942
797.089	0.81547
797.341	0.478539
797.593	1.13287
797.844	0.52737
798.096	0.947312
798.348	0.844768
798.6	1.03521
798.851	1.16705
799.103	0.615264
799.355	1.04009
799.606	0.693393
799.858	0.698276
800.11	0.634797
800.361	0.600615
800.613	0.488305
800.865	0.781288
801.116	0.981493
801.368	0.708042
801.62	0.810586
801.871	0.913131
802.123	0.507837
802.375	0.830119
802.626	0.590849
802.878	0.737341
803.13	0.922897
803.381	0.703159
803.633	0.634797
803.885	0.439475
804.136	0.820353
804.388	1.1817
804.64	1.17193
804.892	0.961961
805.143	0.908247
805.395	0.903364
805.647	0.703159
805.898	0.820353
806.15	0.283217
806.402	0.625031
806.653	0.849651
806.905	1.04009
807.157	0.835002
807.408	1.01567
807.66	0.92778
807.912	1.07427
808.163	0.922897
808.415	0.791054
808.667	0.854534
808.918	0.947312
809.17	0.747107
809.422	0.488305
809.673	0.551785
809.925	0.722692
810.177	0.835002
810.428	1.01079
810.68	0.478539
810.932	0.747107
811.184	0.507837
811.435	0.605498
811.687	0.820353
811.939	0.68851
812.19	0.502954
812.442	0.97661
812.694	0.595732
812.945	0.898481
813.197	0.747107
813.449	0.825236
813.7	0.664095
813.952	0.708042
814.204	0.717808
814.455	1.05474
814.707	1.00103
814.959	0.957078
815.21	0.893598
815.462	0.698276
815.714	0.5762
815.965	0.791054
816.217	0.434592
816.469	0.322281
816.72	1.17193
816.972	1.14752
817.224	0.75199
817.476	0.620147
817.727	0.981493
817.979	0.615264
818.231	0.849651
818.482	0.63968
818.734	0.585966
818.986	0.80082
819.237	0.434592
819.489	0.693393
819.741	0.898481
819.992	0.898481
820.244	0.156258
820.496	0.625031
820.747	0.908247
820.999	0.644563
821.251	0.791054
821.502	0.839885
821.754	0.835002
822.006	0.8643
822.257	0.571317
822.509	0.830119
822.761	0.742224
823.012	0.942429
823.264	0.781288
823.516	0.517603
823.768	0.68851
824.019	0.918014
824.271	0.874066
824.523	1.1524
824.774	0.249036
825.026	0.595732
825.278	0.478539
825.529	0.673861
825.781	0.629914
826.033	0.761756
826.284	0.678744
826.536	0.869183
826.788	0.522486
827.039	0.961961
827.291	0.405293
827.543	0.947312
827.794	0.795937
828.046	0.883832
828.298	0.561551
828.549	0.585966
828.801	0.444358
829.053	0.991259
829.304	0.659212
829.556	0.722692
829.808	1.08404
830.06	0.703159
830.311	0.717808
830.563	0.913131
830.815	0.522486
831.066	0.40041
831.318	1.23053
831.57	0.722692
831.821	0.92778
832.073	1.05474
832.325	0.649446
832.576	0.542019
832.828	0.498071
833.08	0.712925
833.331	0.703159
833.583	0.546902
833.835	0.678744
834.086	0.820353
834.338	0.703159
834.59	0.644563
834.841	0.52737
835.093	1.02056
835.345	0.644563
835.596	0.961961
835.848	0.727575
836.1	0.566434
836.352	0.981493
836.603	0.629914
836.855	0.888715
837.107	0.131842
837.358	0.932663
837.61	0.810586
837.862	0.932663
838.113	0.551785
838.365	1.03521
838.617	1.00591
838.868	0.668978
839.12	0.830119
839.372	0.747107
839.623	0.747107
839.875	0.874066
840.127	0.610381
840.378	0.747107
840.63	0.732458
840.882	0.615264
841.133	1.13775
841.385	0.385761
841.637	0.664095
841.888	0.854534
842.14	0.283217
842.392	1.01079
842.644	0.415059
842.895	0.537136
843.147	0.717808
843.399	0.874066
843.65	0.532253
843.902	1.01567
844.154	0.859417
844.405	0.659212
844.657	0.966844
844.909	0.839885
845.16	0.844768
845.412	0.844768
845.664	0.385761
845.915	0.854534
846.167	1.09869
846.419	0.610381
846.67	0.722692
846.922	1.01567
847.174	0.595732
847.425	0.634797
847.677	1.09869
847.929	0.678744
848.18	0.791054
848.432	0.551785
848.684	0.81547
848.936	0.791054
849.187	0.615264
849.439	0.678744
849.691	0.732458
849.942	1.01079
850.194	0.947312
850.446	0.75199
850.697	0.75199
850.949	0.766639
851.201	0.390644
851.452	0.429708
851.704	0.683627
851.956	0.913131
852.207	0.947312
852.459	0.810586
852.711	0.80082
852.962	0.771522
853.214	0.537136
853.466	0.918014
853.717	0.717808
853.969	0.571317
854.221	0.585966
854.472	0.649446
854.724	0.947312
854.976	0.756873
855.228	0.668978
855.479	0.429708
855.731	0.908247
855.983	0.693393
856.234	1.08892
856.486	1.08892
856.738	0.786171
856.989	0.459007
857.241	0.781288
857.493	0.390644
857.744	0.908247
857.996	0.63968
858.248	1.01567
858.499	0.830119
858.751	0.673861
859.003	0.668978
859.254	1.14263
859.506	0.844768
859.758	1.14263
860.009	0.664095
860.261	0.92778
860.513	0.742224
860.764	1.28913
861.016	0.429708
861.268	0.678744
861.52	0.776405
861.771	0.942429
862.023	0.922897
862.275	1.17193
862.526	0.932663
862.778	0.683627
863.03	0.717808
863.281	0.712925
863.533	0.5762
863.785	0.805703
864.036	0.571317
864.288	0.874066
864.54	0.493188
864.791	0.859417
865.043	0.63968
865.295	0.830119
865.546	0.971727
865.798	0.659212
866.05	1.37702
866.301	0.615264
866.553	0.419942
866.805	1.02056
867.056	0.986376
867.308	0.903364
867.56	0.805703
867.812	0.698276
868.063	0.835002
868.315	0.761756
868.567	0.542019
868.818	0.732458
869.07	0.820353
869.322	0.532253
869.573	0.610381
869.825	0.786171
870.077	0.786171
870.328	0.835002
870.58	0.439475
870.832	0.566434
871.083	0.791054
871.335	0.781288
871.587	0.756873
871.838	0.966844
872.09	0.717808
872.342	1.01079
872.593	0.825236
872.845	0.937546
873.097	0.747107
873.348	1.1817
873.6	1.19146
873.852	1.14752
874.104	0.996142
874.355	0.502954
874.607	0.717808
874.859	0.654329
875.11	0.747107
875.362	0.966844
875.614	0.415059
875.865	1.03032
876.117	0.805703
876.369	0.664095
876.62	1.01567
876.872	0.683627
877.124	0.698276
877.375	0.795937
877.627	0.961961
877.879	1.14752
878.13	0.791054
878.382	0.820353
878.634	0.566434
878.885	0.620147
879.137	1.05962
879.389	1.00103
879.64	0.8643
879.892	0.68851
880.144	1.03032
880.396	0.888715
880.647	0.791054
880.899	0.620147
881.151	0.971727
881.402	0.952195
881.654	0.908247
881.906	0.922897
882.157	0.610381
882.409	0.913131
882.661	0.664095
882.912	0.81547
883.164	1.01079
883.416	0.742224
883.667	0.791054
883.919	0.942429
884.171	0.5762
884.422	0.581083
884.674	0.756873
884.926	0.820353
885.177	0.634797
885.429	0.51272
885.681	0.996142
885.932	1.08404
886.184	0.395527
886.436	0.913131
886.688	0.810586
886.939	0.561551
887.191	1.10357
887.443	0.683627
887.694	1.12798
887.946	0.649446
888.198	0.590849
888.449	0.756873
888.701	0.581083
888.953	1.24029
889.204	1.13287
889.456	0.756873
889.708	0.498071
889.959	0.795937
890.211	0.771522
890.463	0.698276
890.714	0.68851
890.966	0.81547
891.218	0.957078
891.469	0.664095
891.721	0.80082
891.973	0.678744
892.224	0.605498
892.476	0.810586
892.728	0.737341
892.98	0.776405
893.231	1.07427
893.483	0.75199
893.735	0.908247
893.986	0.727575
894.238	0.795937
894.49	1.17682
894.741	0.791054
894.993	0.952195
895.245	0.620147
895.496	0.835002
895.748	1.0938
896	0.5762
896.251	0.854534
896.503	0.63968
896.755	0.375995
897.006	0.732458
897.258	0.961961
897.51	0.595732
897.761	0.517603
898.013	0.454124
898.265	0.708042
898.516	0.849651
898.768	0.625031
899.02	0.395527
899.272	0.493188
899.523	0.747107
899.775	0.551785
900.027	0.742224
900.278	0.336931
900.53	0.615264
900.782	0.673861
901.033	1.00591
901.285	0.302749
901.537	0.698276
901.788	0.795937
902.04	0.883832
902.292	0.795937
902.543	1.17193
902.795	0.683627
903.047	0.678744
903.298	0.605498
903.55	0.600615
903.802	1.03032
904.053	0.825236
904.305	0.605498
904.557	0.659212
904.808	0.825236
905.06	0.947312
905.312	1.04497
905.564	0.532253
905.815	0.68851
906.067	0.507837
906.319	0.781288
906.57	0.488305
906.822	0.683627
907.074	0.605498
907.325	0.957078
907.577	0.51272
907.829	0.620147
908.08	0.546902
908.332	0.537136
908.584	0.46389
908.835	0.673861
909.087	0.703159
909.339	0.654329
909.59	0.605498
909.842	0.542019
910.094	0.483422
910.345	0.571317
910.597	0.585966
910.849	1.05962
911.1	0.268568
911.352	0.537136
911.604	0.302749
911.856	0.869183
912.107	0.46389
912.359	0.532253
912.611	0.839885
912.862	0.81547
913.114	0.595732
913.366	1.15728
913.617	0.629914
913.869	0.781288
914.121	0.825236
914.372	1.20611
914.624	0.590849
914.876	0.795937
915.127	0.502954
915.379	0.883832
915.631	0.791054
915.882	0.747107
916.134	0.502954
916.386	0.878949
916.637	0.756873
916.889	1.00103
917.141	0.546902
917.392	0.722692
917.644	1.1231
917.896	0.546902
918.148	0.51272
918.399	0.878949
918.651	0.659212
918.903	0.683627
919.154	1.05474
919.406	1.1231
919.658	0.883832
919.909	1.15728
920.161	0.532253
920.413	0.5762
920.664	0.747107
920.916	0.678744
921.168	0.693393
921.419	0.693393
921.671	0.756873
921.923	0.727575
922.174	0.913131
922.426	0.761756
922.678	0.986376
922.929	0.498071
923.181	0.795937
923.433	1.06939
923.684	0.737341
923.936	0.600615
924.188	0.336931
924.44	0.40041
924.691	0.791054
924.943	0.947312
925.195	0.883832
925.446	0.75199
925.698	0.878949
925.95	0.546902
926.201	0.703159
926.453	1.00103
926.705	0.830119
926.956	0.805703
927.208	0.605498
927.46	0.766639
927.711	0.634797
927.963	0.346697
928.215	0.791054
928.466	1.09869
928.718	0.517603
928.97	0.952195
929.221	0.878949
929.473	0.493188
929.725	0.722692
929.976	0.664095
930.228	0.996142
930.48	0.918014
930.732	0.737341
930.983	1.06451
931.235	0.737341
931.487	0.424825
931.738	0.742224
931.99	0.615264
932.242	0.893598
932.493	0.854534
932.745	0.634797
932.997	0.820353
933.248	1.02544
933.5	0.795937
933.752	0.756873
934.003	0.761756
934.255	0.634797
934.507	0.708042
934.758	1.23053
935.01	0.722692
935.262	1.03032
935.513	1.07427
935.765	0.454124
936.017	0.63968
936.268	0.195322
936.52	0.502954
936.772	0.668978
937.024	0.918014
937.275	0.366229
937.527	0.46389
937.779	0.678744
938.03	0.712925
938.282	1.06939
938.534	0.737341
938.785	0.581083
939.037	0.771522
939.289	0.8643
939.54	0.781288
939.792	1.211
940.044	0.996142
940.295	0.346697
940.547	0.434592
940.799	0.874066
941.05	0.46389
941.302	0.605498
941.554	0.405293
941.805	0.542019
942.057	0.478539
942.309	0.996142
942.56	0.771522
942.812	0.712925
943.064	1.04497
943.316	0.791054
943.567	1.04497
943.819	0.903364
944.071	1.10357
944.322	1.00103
944.574	0.644563
944.826	0.551785
945.077	0.253919
945.329	0.673861
945.581	0.444358
945.832	0.654329
946.084	0.791054
946.336	0.893598
946.587	0.585966
946.839	0.81547
947.091	0.737341
947.342	0.776405
947.594	0.693393
947.846	1.05962
948.097	0.698276
948.349	0.922897
948.601	0.605498
948.852	0.961961
949.104	0.405293
949.356	1.19635
949.608	0.75199
949.859	0.610381
950.111	1.1524
950.363	0.844768
950.614	0.981493
950.866	1.12798
951.118	0.727575
951.369	0.732458
951.621	0.756873
951.873	0.835002
952.124	0.5762
952.376	0.874066
952.628	0.249036
952.879	0.942429
953.131	0.522486
953.383	0.908247
953.634	0.683627
953.886	0.737341
954.138	0.537136
954.389	0.732458
954.641	0.874066
954.893	1.05962
955.144	0.8643
955.396	0.551785
955.648	0.649446
955.9	0.63968
956.151	0.839885
956.403	0.620147
956.655	0.668978
956.906	0.390644
957.158	0.771522
957.41	0.649446
957.661	0.698276
957.913	1.03521
958.165	0.502954
958.416	0.874066
958.668	0.302749
958.92	0.283217
959.171	1.04986
959.423	0.205088
959.675	0.898481
959.926	0.629914
960.178	0.678744
960.43	0.678744
960.681	0.722692
960.933	0.522486
961.185	0.854534
961.436	0.649446
961.688	0.712925
961.94	0.732458
962.192	0.668978
962.443	0.835002
962.695	0.683627
962.947	0.429708
963.198	0.68851
963.45	1.16705
963.702	0.551785
963.953	0.371112
964.205	0.761756
964.457	0.727575
964.708	0.805703
964.96	0.698276
965.212	0.922897
965.463	0.546902
965.715	1.05474
965.967	1.26959
966.218	0.75199
966.47	0.478539
966.722	0.610381
966.973	0.620147
967.225	0.703159
967.477	0.92778
967.728	0.703159
967.98	0.483422
968.232	0.668978
968.484	0.80082
968.735	0.996142
968.987	0.644563
969.239	0.781288
969.49	0.805703
969.742	0.781288
969.994	0.317398
970.245	0.46389
970.497	0.542019
970.749	0.712925
971	0.664095
971.252	0.932663
971.504	0.683627
971.755	0.874066
972.007	0.683627
972.259	0.644563
972.51	0.957078
972.762	0.922897
973.014	0.791054
973.265	0.766639
973.517	1.04497
973.769	1.05474
974.02	0.908247
974.272	0.805703
974.524	0.629914
974.776	0.839885
975.027	0.312515
975.279	0.737341
975.531	0.522486
975.782	0.830119
976.034	0.649446
976.286	0.654329
976.537	0.732458
976.789	0.810586
977.041	0.610381
977.292	0.717808
977.544	0.2881
977.796	0.805703
978.047	0.761756
978.299	0.629914
978.551	0.683627
978.802	0.459007
979.054	0.761756
979.306	0.2881
979.557	0.634797
979.809	0.415059
980.061	0.522486
980.312	0.488305
980.564	0.708042
980.816	0.81547
981.068	0.332047
981.319	0.8643
981.571	0.317398
981.823	0.625031
982.074	0.942429
982.326	0.957078
982.578	1.0938
982.829	0.825236
983.081	0.810586
983.333	0.883832
983.584	0.888715
983.836	0.668978
984.088	0.585966
984.339	0.918014
984.591	0.756873
984.843	0.708042
985.094	0.405293
985.346	0.825236
985.598	1.17193
985.849	0.742224
986.101	0.673861
986.353	0.874066
986.604	0.483422
986.856	0.683627
987.108	0.986376
987.36	0.693393
987.611	0.380878
987.863	1.14752
988.115	0.488305
988.366	0.585966
988.618	0.542019
988.87	1.07427
989.121	0.483422
989.373	0.444358
989.625	1.19146
989.876	0.97661
990.128	0.649446
990.38	0.722692
990.631	1.10357
990.883	0.795937
991.135	0.805703
991.386	0.605498
991.638	0.615264
991.89	0.986376
992.141	0.517603
992.393	0.507837
992.645	0.771522
992.896	0.444358
993.148	0.610381
993.4	0.771522
993.652	1.1231
993.903	0.97661
994.155	0.590849
994.407	0.678744
994.658	0.668978
994.91	0.703159
995.162	0.532253
995.413	0.756873
995.665	0.795937
995.917	0.610381
996.168	0.874066
996.42	0.522486
996.672	0.898481
996.923	0.966844
997.175	0.205088
997.427	0.278334
997.678	0.742224
997.93	0.913131
998.182	0.312515
998.433	0.698276
998.685	0.522486
998.937	0.742224
999.188	0.795937
999.44	0.854534
999.692	0.81547
999.944	0.5762
1000.2	0.459007
1000.45	0.678744
1000.7	0.522486
1000.95	1.04986
1001.2	0.717808
1001.45	1.06451
1001.71	0.146492
1001.96	0.673861
1002.21	0.46389
1002.46	0.717808
1002.71	0.649446
1002.96	0.81547
1003.22	0.795937
1003.47	0.761756
1003.72	0.678744
1003.97	0.869183
1004.22	0.68851
1004.47	0.947312
1004.73	0.395527
1004.98	0.668978
1005.23	0.678744
1005.48	0.883832
1005.73	0.756873
1005.98	1.04009
1006.24	0.673861
1006.49	1.06451
1006.74	0.620147
1006.99	0.761756
1007.24	0.786171
1007.49	0.727575
1007.75	0.742224
1008	0.893598
1008.25	0.673861
1008.5	0.620147
1008.75	0.459007
1009	0.468773
1009.26	0.849651
1009.51	0.92778
1009.76	0.644563
1010.01	0.51272
1010.26	0.634797
1010.51	0.795937
1010.77	0.620147
1011.02	0.68851
1011.27	0.483422
1011.52	0.966844
1011.77	0.703159
1012.02	1.18658
1012.28	0.683627
1012.53	0.732458
1012.78	0.80082
1013.03	0.537136
1013.28	0.722692
1013.53	0.375995
1013.79	1.11822
1014.04	0.488305
1014.29	0.883832
1014.54	0.566434
1014.79	0.942429
1015.04	0.629914
1015.3	0.893598
1015.55	0.595732
1015.8	0.737341
1016.05	0.629914
1016.3	0.380878
1016.55	0.444358
1016.81	0.444358
1017.06	0.712925
1017.31	0.781288
1017.56	0.600615
1017.81	0.835002
1018.06	0.703159
1018.32	0.234386
1018.57	0.92778
1018.82	1.00103
1019.07	0.507837
1019.32	0.46389
1019.57	0.766639
1019.83	0.830119
1020.08	0.918014
1020.33	0.971727
1020.58	0.742224
1020.83	0.918014
1021.08	0.698276
1021.34	0.585966
1021.59	0.703159
1021.84	0.810586
1022.09	0.620147
1022.34	0.375995
1022.59	0.561551
1022.85	0.771522
1023.1	1.00103
1023.35	0.703159
1023.6	0.478539
1023.85	0.63968
1024.1	0.761756
1024.36	0.449241
1024.61	0.605498
1024.86	0.5762
1025.11	0.664095
1025.36	0.571317
1025.61	0.634797
1025.87	0.410176
1026.12	0.727575
1026.37	0.75199
1026.62	0.454124
1026.87	0.625031
1027.12	1.05962
1027.38	0.878949
1027.63	0.97661
1027.88	0.605498
1028.13	0.766639
1028.38	0.986376
1028.64	0.610381
1028.89	0.844768
1029.14	0.385761
1029.39	0.776405
1029.64	0.659212
1029.89	0.507837
1030.15	0.68851
1030.4	1.06939
1030.65	0.590849
1030.9	0.532253
1031.15	1.08892
1031.4	0.839885
1031.66	0.546902
1031.91	0.786171
1032.16	0.434592
1032.41	0.615264
1032.66	0.615264
1032.91	1.00103
1033.17	0.439475
1033.42	0.673861
1033.67	0.625031
1033.92	0.781288
1034.17	0.52737
1034.42	0.449241
1034.68	1.08892
1034.93	0.722692
1035.18	0.585966
1035.43	0.502954
1035.68	1.01567
1035.93	0.459007
1036.19	0.854534
1036.44	0.776405
1036.69	0.556668
1036.94	1.06939
1037.19	0.703159
1037.44	0.898481
1037.7	0.830119
1037.95	1.08404
1038.2	0.981493
1038.45	0.961961
1038.7	0.942429
1038.95	0.703159
1039.21	0.708042
1039.46	0.761756
1039.71	0.385761
1039.96	0.424825
1040.21	0.732458
1040.46	0.429708
1040.72	0.766639
1040.97	0.590849
1041.22	0.5762
1041.47	0.903364
1041.72	1.00591
1041.97	1.02544
1042.23	0.776405
1042.48	0.380878
1042.73	1.04009
1042.98	0.942429
1043.23	0.678744
1043.48	0.629914
1043.74	0.600615
1043.99	0.971727
1044.24	0.883832
1044.49	0.771522
1044.74	0.649446
1044.99	0.849651
1045.25	0.80082
1045.5	0.478539
1045.75	0.595732
1046	1.01567
1046.25	0.742224
1046.5	0.996142
1046.76	0.610381
1047.01	0.546902
1047.26	0.561551
1047.51	0.776405
1047.76	0.63968
1048.01	0.595732
1048.27	0.483422
1048.52	0.908247
1048.77	0.664095
1049.02	0.75199
1049.27	0.498071
1049.52	0.683627
1049.78	0.644563
1050.03	0.781288
1050.28	0.708042
1050.53	0.898481
1050.78	0.776405
1051.03	1.02544
1051.29	0.786171
1051.54	0.830119
1051.79	0.717808
1052.04	0.747107
1052.29	0.703159
1052.54	0.844768
1052.8	0.542019
1053.05	0.97661
1053.3	0.820353
1053.55	1.1231
1053.8	0.727575
1054.05	0.625031
1054.31	0.92778
1054.56	0.517603
1054.81	0.805703
1055.06	0.654329
1055.31	0.8643
1055.56	0.683627
1055.82	0.942429
1056.07	0.947312
1056.32	0.46389
1056.57	0.668978
1056.82	0.600615
1057.07	1.06451
1057.33	0.844768
1057.58	0.92778
1057.83	0.839885
1058.08	0.732458
1058.33	0.346697
1058.58	0.63968
1058.84	0.766639
1059.09	0.732458
1059.34	0.459007
1059.59	0.297866
1059.84	0.634797
1060.1	0.874066
1060.35	0.585966
1060.6	1.01567
1060.85	0.537136
1061.1	0.703159
1061.35	1.1817
1061.61	0.791054
1061.86	0.629914
1062.11	0.771522
1062.36	0.595732
1062.61	0.771522
1062.86	0.556668
1063.12	0.361346
1063.37	0.708042
1063.62	0.590849
1063.87	0.996142
1064.12	0.542019
1064.37	0.732458
1064.63	1.02056
1064.88	0.937546
1065.13	0.810586
1065.38	0.878949
1065.63	0.781288
1065.88	0.825236
1066.14	0.742224
1066.39	1.17682
1066.64	0.683627
1066.89	0.766639
1067.14	0.551785
1067.39	0.937546
1067.65	0.415059
1067.9	0.747107
1068.15	0.46389
1068.4	1.01567
1068.65	0.742224
1068.9	0.502954
1069.16	0.673861
1069.41	0.546902
1069.66	0.75199
1069.91	0.46389
1070.16	0.371112
1070.41	1.05962
1070.67	0.546902
1070.92	0.756873
1071.17	0.732458
1071.42	0.615264
1071.67	0.80082
1071.92	0.717808
1072.18	0.244153
1072.43	0.883832
1072.68	0.444358
1072.93	0.439475
1073.18	0.986376
1073.43	1.01079
1073.69	0.483422
1073.94	0.918014
1074.19	0.825236
1074.44	0.903364
1074.69	0.571317
1074.94	0.634797
1075.2	0.605498
1075.45	0.737341
1075.7	0.737341
1075.95	0.673861
1076.2	0.732458
1076.45	0.141608
1076.71	0.600615
1076.96	0.81547
1077.21	0.625031
1077.46	0.883832
1077.71	0.727575
1077.96	0.644563
1078.22	0.888715
1078.47	0.51272
1078.72	0.405293
1078.97	0.258802
1079.22	0.434592
1079.47	0.478539
1079.73	1.02544
1079.98	0.957078
1080.23	0.825236
1080.48	0.683627
1080.73	0.566434
1080.98	0.654329
1081.24	0.81547
1081.49	0.703159
1081.74	0.585966
1081.99	0.68851
1082.24	1.13287
1082.49	0.668978
1082.75	0.439475
1083	0.810586
1083.25	0.429708
1083.5	0.258802
1083.75	0.649446
1084	0.698276
1084.26	0.429708
1084.51	0.659212
1084.76	1.211
1085.01	0.585966
1085.26	1.37214
1085.51	0.727575
1085.77	0.63968
1086.02	0.585966
1086.27	0.385761
1086.52	0.654329
1086.77	0.732458
1087.02	0.532253
1087.28	0.698276
1087.53	0.771522
1087.78	0.434592
1088.03	0.820353
1088.28	0.693393
1088.53	0.390644
1088.79	0.81547
1089.04	0.571317
1089.29	0.732458
1089.54	0.859417
1089.79	0.712925
1090.04	0.292983
1090.3	0.830119
1090.55	1.01079
1090.8	0.561551
1091.05	0.502954
1091.3	0.649446
1091.56	0.918014
1091.81	0.722692
1092.06	0.532253
1092.31	0.468773
1092.56	0.883832
1092.81	0.996142
1093.07	0.322281
1093.32	0.522486
1093.57	0.634797
1093.82	0.566434
1094.07	0.678744
1094.32	0.434592
1094.58	0.219737
1094.83	0.859417
1095.08	0.493188
1095.33	0.664095
1095.58	0.913131
1095.83	0.903364
1096.09	1.03521
1096.34	0.649446
1096.59	0.776405
1096.84	0.385761
1097.09	0.493188
1097.34	0.839885
1097.6	0.488305
1097.85	0.805703
1098.1	0.654329
1098.35	0.590849
1098.6	0.937546
1098.85	0.327164
1099.11	1.05474
1099.36	0.659212
1099.61	0.664095
1099.86	0.297866
1100.11	0.756873
1100.36	0.454124
1100.62	0.434592
1100.87	1.03032
1101.12	0.375995
1101.37	0.610381
1101.62	0.75199
1101.87	0.888715
1102.13	0.332047
1102.38	0.766639
1102.63	0.678744
1102.88	0.693393
1103.13	0.498071
1103.38	0.747107
1103.64	0.493188
1103.89	1.04009
1104.14	0.874066
1104.39	0.795937
1104.64	0.981493
1104.89	0.546902
1105.15	0.678744
1105.4	0.468773
1105.65	0.878949
1105.9	0.546902
1106.15	0.542019
1106.4	0.712925
1106.66	0.747107
1106.91	0.781288
1107.16	0.566434
1107.41	0.898481
1107.66	0.649446
1107.91	0.595732
1108.17	0.898481
1108.42	1.00103
1108.67	0.35158
1108.92	0.473656
1109.17	0.664095
1109.42	0.52737
1109.68	0.854534
1109.93	0.395527
1110.18	0.97661
1110.43	0.405293
1110.68	0.874066
1110.93	0.898481
1111.19	0.839885
1111.44	0.703159
1111.69	0.585966
1111.94	0.566434
1112.19	0.918014
1112.44	0.97661
1112.7	1.08892
1112.95	0.859417
1113.2	0.703159
1113.45	0.605498
1113.7	0.698276
1113.95	0.415059
1114.21	0.903364
1114.46	0.454124
1114.71	0.981493
1114.96	0.703159
1115.21	0.439475
1115.46	0.507837
1115.72	0.439475
1115.97	0.161141
1116.22	0.971727
1116.47	0.507837
1116.72	0.498071
1116.97	0.717808
1117.23	0.634797
1117.48	0.273451
1117.73	0.80082
1117.98	0.380878
1118.23	0.971727
1118.48	0.97661
1118.74	1.01079
1118.99	0.322281
1119.24	0.81547
1119.49	0.835002
1119.74	0.820353
1119.99	0.405293
1120.25	0.292983
1120.5	0.361346
1120.75	0.5762
1121	0.68851
1121.25	0.766639
1121.5	0.693393
1121.76	0.581083
1122.01	0.732458
1122.26	0.839885
1122.51	0.869183
1122.76	0.537136
1123.02	0.605498
1123.27	0.571317
1123.52	0.449241
1123.77	0.708042
1124.02	0.791054
1124.27	0.668978
1124.53	0.664095
1124.78	0.727575
1125.03	0.498071
1125.28	0.371112
1125.53	0.732458
1125.78	0.585966
1126.04	1.03521
1126.29	1.06451
1126.54	0.835002
1126.79	1.03521
1127.04	0.942429
1127.29	0.522486
1127.55	0.932663
1127.8	0.859417
1128.05	0.961961
1128.3	0.703159
1128.55	0.810586
1128.8	0.668978
1129.06	0.424825
1129.31	0.874066
1129.56	0.756873
1129.81	0.8643
1130.06	0.542019
1130.31	0.727575
1130.57	0.205088
1130.82	0.542019
1131.07	0.922897
1131.32	0.117193
1131.57	0.932663
1131.82	0.805703
1132.08	0.571317
1132.33	0.410176
1132.58	0.878949
1132.83	0.781288
1133.08	0.415059
1133.33	0.893598
1133.59	0.537136
1133.84	1.01567
1134.09	0.649446
1134.34	0.991259
1134.59	0.424825
1134.84	0.830119
1135.1	0.449241
1135.35	0.590849
1135.6	0.8643
1135.85	0.922897
1136.1	0.600615
1136.35	0.585966
1136.61	0.708042
1136.86	0.542019
1137.11	0.703159
1137.36	0.371112
1137.61	1.16217
1137.86	0.776405
1138.12	0.81547
1138.37	0.825236
1138.62	1.02056
1138.87	0.795937
1139.12	0.893598
1139.37	0.419942
1139.63	0.883832
1139.88	0.488305
1140.13	0.747107
1140.38	0.732458
1140.63	0.52737
1140.88	0.961961
1141.14	0.766639
1141.39	0.97661
1141.64	0.444358
1141.89	0.473656
1142.14	0.610381
1142.39	0.932663
1142.65	0.854534
1142.9	1.03032
1143.15	0.971727
1143.4	0.805703
1143.65	0.859417
1143.9	0.493188
1144.16	0.478539
1144.41	0.542019
1144.66	0.654329
1144.91	0.610381
1145.16	0.737341
1145.41	0.434592
1145.67	0.561551
1145.92	0.537136
1146.17	0.898481
1146.42	0.786171
1146.67	0.566434
1146.92	0.786171
1147.18	0.727575
1147.43	0.52737
1147.68	0.971727
1147.93	0.556668
1148.18	0.668978
1148.43	0.341814
1148.69	0.517603
1148.94	0.678744
1149.19	0.625031
1149.44	0.498071
1149.69	0.756873
1149.94	0.717808
1150.2	0.429708
1150.45	0.63968
1150.7	0.585966
1150.95	0.654329
1151.2	0.410176
1151.45	0.844768
1151.71	0.317398
1151.96	0.791054
1152.21	1.11822
1152.46	0.625031
1152.71	0.595732
1152.96	0.771522
1153.22	0.771522
1153.47	0.825236
1153.72	0.727575
1153.97	0.756873
1154.22	0.703159
1154.48	0.620147
1154.73	0.654329
1154.98	0.659212
1155.23	0.835002
1155.48	1.19146
1155.73	0.610381
1155.99	0.966844
1156.24	1.04009
1156.49	0.546902
1156.74	0.698276
1156.99	0.629914
1157.24	0.200205
1157.5	0.625031
1157.75	0.830119
1158	1.01567
1158.25	0.732458
1158.5	0.732458
1158.75	0.898481
1159.01	0.747107
1159.26	0.664095
1159.51	0.766639
1159.76	0.664095
1160.01	0.918014
1160.26	0.346697
1160.52	0.522486
1160.77	0.742224
1161.02	1.00591
1161.27	0.922897
1161.52	0.585966
1161.77	0.615264
1162.03	0.874066
1162.28	0.810586
1162.53	0.419942
1162.78	0.444358
1163.03	1.18658
1163.28	0.5762
1163.54	0.410176
1163.79	0.835002
1164.04	0.981493
1164.29	0.273451
1164.54	0.844768
1164.79	0.717808
1165.05	1.1524
1165.3	0.5762
1165.55	0.732458
1165.8	0.585966
1166.05	0.634797
1166.3	0.795937
1166.56	0.742224
1166.81	0.546902
1167.06	0.727575
1167.31	0.239269
1167.56	1.0938
1167.81	0.605498
1168.07	0.81547
1168.32	0.410176
1168.57	0.595732
1168.82	0.844768
1169.07	0.830119
1169.32	0.883832
1169.58	0.654329
1169.83	0.673861
1170.08	0.502954
1170.33	0.434592
1170.58	0.488305
1170.83	0.805703
1171.09	0.786171
1171.34	0.683627
1171.59	0.542019
1171.84	1.26471
1172.09	0.742224
1172.34	1.14263
1172.6	1.04009
1172.85	0.668978
1173.1	0.395527
1173.35	0.918014
1173.6	0.434592
1173.85	0.0732458
1174.11	0.81547
1174.36	0.649446
1174.61	0.478539
1174.86	0.346697
1175.11	0.434592
1175.36	1.06451
1175.62	0.268568
1175.87	0.908247
1176.12	0.766639
1176.37	1.01567
1176.62	0.459007
1176.87	0.600615
1177.13	0.8643
1177.38	0.5762
1177.63	0.346697
1177.88	0.390644
1178.13	0.781288
1178.38	0.654329
1178.64	0.595732
1178.89	0.820353
1179.14	0.356463
1179.39	0.449241
1179.64	0.522486
1179.89	0.825236
1180.15	0.522486
1180.4	0.673861
1180.65	0.507837
1180.9	0.629914
1181.15	0.986376
1181.4	0.468773
1181.66	0.971727
1181.91	0.776405
1182.16	0.346697
1182.41	0.444358
1182.66	0.913131
1182.91	0.68851
1183.17	0.542019
1183.42	0.659212
1183.67	0.659212
1183.92	0.5762
1184.17	0.805703
1184.42	1.10845
1184.68	0.81547
1184.93	0.361346
1185.18	0.92778
1185.43	0.659212
1185.68	0.893598
1185.94	1.06451
1186.19	0.644563
1186.44	0.673861
1186.69	0.654329
1186.94	0.678744
1187.19	0.683627
1187.45	0.776405
1187.7	0.605498
1187.95	0.493188
1188.2	0.459007
1188.45	0.444358
1188.7	0.595732
1188.96	0.888715
1189.21	0.825236
1189.46	0.356463
1189.71	0.795937
1189.96	0.249036
1190.21	0.795937
1190.47	0.380878
1190.72	0.405293
1190.97	0.874066
1191.22	0.795937
1191.47	0.278334
1191.72	0.703159
1191.98	0.322281
1192.23	0.878949
1192.48	0.52737
1192.73	0.585966
1192.98	0.52737
1193.23	0.747107
1193.49	0.52737
1193.74	0.673861
1193.99	0.454124
1194.24	0.405293
1194.49	0.664095
1194.74	0.668978
1195	0.532253
1195.25	0.747107
1195.5	0.595732
1195.75	0.766639
1196	0.517603
1196.25	0.747107
1196.51	0.8643
1196.76	0.5762
1197.01	0.659212
1197.26	0.859417
1197.51	0.459007
1197.76	0.835002
1198.02	0.717808
1198.27	0.502954
1198.52	0.5762
1198.77	0.825236
1199.02	0.913131
1199.27	0.297866
1199.53	0.80082
1199.78	0.581083
1200.03	0.8643
1200.28	0.644563
1200.53	0.375995
1200.78	0.478539
1201.04	0.81547
1201.29	0.732458
1201.54	0.766639
1201.79	0.722692
1202.04	0.371112
1202.29	0.214854
1202.55	0.551785
1202.8	0.644563
1203.05	0.75199
1203.3	0.532253
1203.55	0.605498
1203.8	0.966844
1204.06	0.419942
1204.31	0.493188
1204.56	0.722692
1204.81	0.913131
1205.06	0.46389
1205.31	0.698276
1205.57	0.756873
1205.82	0.659212
1206.07	0.581083
1206.32	0.566434
1206.57	0.659212
1206.82	1.04009
1207.08	0.356463
1207.33	0.615264
1207.58	0.81547
1207.83	0.986376
1208.08	0.556668
1208.33	0.830119
1208.59	0.615264
1208.84	0.590849
1209.09	0.708042
1209.34	0.507837
1209.59	0.615264
1209.84	0.439475
1210.1	0.595732
1210.35	0.610381
1210.6	0.610381
1210.85	0.478539
1211.1	0.385761
1211.35	0.893598
1211.61	1.06451
1211.86	0.52737
1212.11	0.424825
1212.36	0.595732
1212.61	0.2881
1212.86	0.771522
1213.12	0.703159
1213.37	0.283217
1213.62	0.610381
1213.87	0.566434
1214.12	0.546902
1214.37	0.708042
1214.63	0.371112
1214.88	0.429708
1215.13	0.244153
1215.38	0.542019
1215.63	0.75199
1215.88	0.625031
1216.14	0.795937
1216.39	0.380878
1216.64	0.654329
1216.89	0.781288
1217.14	0.727575
1217.4	1.00591
1217.65	0.849651
1217.9	0.683627
1218.15	0.473656
1218.4	0.742224
1218.65	0.888715
1218.91	0.610381
1219.16	0.610381
1219.41	0.51272
1219.66	0.92778
1219.91	0.75199
1220.16	0.620147
1220.42	0.712925
1220.67	0.605498
1220.92	0.747107
1221.17	0.517603
1221.42	0.498071
1221.67	0.795937
1221.93	0.742224
1222.18	0.854534
1222.43	0.942429
1222.68	0.405293
1222.93	0.307632
1223.18	0.727575
1223.44	0.68851
1223.69	0.429708
1223.94	0.810586
1224.19	0.703159
1224.44	0.644563
1224.69	0.664095
1224.95	0.375995
1225.2	0.668978
1225.45	1.17682
1225.7	0.97661
1225.95	0.81547
1226.2	0.263685
1226.46	0.776405
1226.71	0.737341
1226.96	0.468773
1227.21	0.561551
1227.46	0.649446
1227.71	0.781288
1227.97	0.585966
1228.22	0.634797
1228.47	0.869183
1228.72	0.585966
1228.97	0.747107
1229.22	0.537136
1229.48	0.634797
1229.73	1.0938
1229.98	0.649446
1230.23	0.615264
1230.48	0.483422
1230.73	0.40041
1230.99	0.668978
1231.24	0.581083
1231.49	0.869183
1231.74	0.600615
1231.99	0.542019
1232.24	0.498071
1232.5	1.04497
1232.75	0.581083
1233	0.361346
1233.25	1.05962
1233.5	0.63968
1233.75	0.444358
1234.01	0.986376
1234.26	1.02056
1234.51	0.693393
1234.76	0.683627
1235.01	0.625031
1235.26	0.385761
1235.52	0.35158
1235.77	0.571317
1236.02	0.532253
1236.27	0.488305
1236.52	0.659212
1236.77	0.2881
1237.03	0.585966
1237.28	0.629914
1237.53	0.498071
1237.78	0.11231
1238.03	0.678744
1238.28	0.717808
1238.54	1.10845
1238.79	0.8643
1239.04	0.546902
1239.29	0.727575
1239.54	0.483422
1239.79	0.473656
1240.05	0.209971
1240.3	0.307632
1240.55	1.08892
1240.8	0.678744
1241.05	0.415059
1241.3	0.664095
1241.56	0.209971
1241.81	0.81547
1242.06	0.415059
1242.31	0.581083
1242.56	0.742224
1242.81	0.566434
1243.07	0.498071
1243.32	0.390644
1243.57	0.712925
1243.82	0.439475
1244.07	0.410176
1244.32	0.703159
1244.58	0.478539
1244.83	0.610381
1245.08	0.820353
1245.33	0.859417
1245.58	0.737341
1245.83	1.10357
1246.09	0.610381
1246.34	0.756873
1246.59	0.761756
1246.84	0.830119
1247.09	0.634797
1247.34	0.537136
1247.6	0.63968
1247.85	0.405293
1248.1	0.46389
1248.35	0.483422
1248.6	0.502954
1248.86	0.668978
1249.11	0.81547
1249.36	1.11822
1249.61	0.346697
1249.86	0.659212
1250.11	0.46389
1250.37	0.991259
1250.62	0.839885
1250.87	0.693393
1251.12	0.825236
1251.37	0.585966
1251.62	0.419942
1251.88	0.585966
1252.13	0.312515
1252.38	0.966844
1252.63	0.483422
1252.88	0.649446
1253.13	0.893598
1253.39	0.937546
1253.64	0.5762
1253.89	0.654329
1254.14	0.952195
1254.39	0.712925
1254.64	0.781288
1254.9	0.395527
1255.15	0.649446
1255.4	1.19146
1255.65	0.971727
1255.9	0.903364
1256.15	0.893598
1256.41	0.478539
1256.66	0.502954
1256.91	0.781288
1257.16	0.625031
1257.41	0.683627
1257.66	0.46389
1257.92	1.04009
1258.17	0.507837
1258.42	0.673861
1258.67	0.444358
1258.92	0.581083
1259.17	0.581083
1259.43	0.507837
1259.68	0.781288
1259.93	0.244153
1260.18	0.253919
1260.43	0.502954
1260.68	0.2881
1260.94	0.68851
1261.19	0.483422
1261.44	0.717808
1261.69	0.5762
1261.94	0.493188
1262.19	0.874066
1262.45	0.947312
1262.7	0.629914
1262.95	0.478539
1263.2	0.644563
1263.45	0.488305
1263.7	0.502954
1263.96	0.493188
1264.21	0.51272
1264.46	0.419942
1264.71	0.961961
1264.96	0.839885
1265.21	0.454124
1265.47	0.283217
1265.72	0.683627
1265.97	0.68851
1266.22	0.781288
1266.47	0.771522
1266.72	0.605498
1266.98	0.375995
1267.23	0.825236
1267.48	0.849651
1267.73	0.888715
1267.98	0.40041
1268.23	1.06451
1268.49	0.434592
1268.74	0.507837
1268.99	0.366229
1269.24	0.742224
1269.49	0.561551
1269.74	0.332047
1270	0.903364
1270.25	0.327164
1270.5	0.625031
1270.75	0.429708
1271	0.253919
1271.25	0.664095
1271.51	0.605498
1271.76	0.693393
1272.01	0.703159
1272.26	0.5762
1272.51	0.585966
1272.76	0.297866
1273.02	0.80082
1273.27	0.610381
1273.52	0.429708
1273.77	0.449241
1274.02	0.820353
1274.27	0.717808
1274.53	0.747107
1274.78	0.717808
1275.03	0.678744
1275.28	0.542019
1275.53	0.771522
1275.78	0.668978
1276.04	0.712925
1276.29	0.810586
1276.54	0.649446
1276.79	0.253919
1277.04	0.488305
1277.29	0.854534
1277.55	0.830119
1277.8	0.898481
1278.05	1.06451
1278.3	0.380878
1278.55	0.830119
1278.8	0.35158
1279.06	1.20611
1279.31	0.654329
1279.56	0.717808
1279.81	0.488305
1280.06	0.971727
1280.32	0.673861
1280.57	0.571317
1280.82	0.590849
1281.07	0.581083
1281.32	0.771522
1281.57	0.625031
1281.83	0.937546
1282.08	0.644563
1282.33	1.05962
1282.58	0.268568
1282.83	0.52737
1283.08	0.610381
1283.34	0.776405
1283.59	0.537136
1283.84	0.546902
1284.09	0.80082
1284.34	0.600615
1284.59	0.5762
1284.85	0.542019
1285.1	0.40041
1285.35	0.844768
1285.6	0.346697
1285.85	0.590849
1286.1	0.75199
1286.36	0.5762
1286.61	0.791054
1286.86	0.263685
1287.11	0.922897
1287.36	0.644563
1287.61	0.502954
1287.87	0.893598
1288.12	0.81547
1288.37	0.581083
1288.62	0.561551
1288.87	0.380878
1289.12	0.449241
1289.38	0.498071
1289.63	0.590849
1289.88	0.81547
1290.13	0.429708
1290.38	0.717808
1290.63	0.380878
1290.89	0.571317
1291.14	0.654329
1291.39	0.898481
1291.64	0.51272
1291.89	0.888715
1292.14	0.844768
1292.4	0.395527
1292.65	0.590849
1292.9	0.81547
1293.15	0.312515
1293.4	0.673861
1293.65	0.678744
1293.91	0.366229
1294.16	0.644563
1294.41	0.727575
1294.66	0.439475
1294.91	0.727575
1295.16	0.80082
1295.42	0.986376
1295.67	0.346697
1295.92	0.664095
1296.17	0.732458
1296.42	0.830119
1296.67	0.498071
1296.93	0.673861
1297.18	0.488305
1297.43	0.854534
1297.68	0.649446
1297.93	0.668978
1298.18	0.849651
1298.44	0.92778
1298.69	0.63968
1298.94	0.302749
1299.19	0.615264
1299.44	0.429708
1299.69	0.390644
1299.95	0.825236
1300.2	0.327164
1300.45	0.566434
1300.7	0.22462
1300.95	0.756873
1301.2	0.771522
1301.46	0.424825
1301.71	0.649446
1301.96	0.703159
1302.21	0.605498
1302.46	0.918014
1302.71	0.898481
1302.97	0.888715
1303.22	0.649446
1303.47	0.5762
1303.72	0.410176
1303.97	1.03521
1304.22	0.625031
1304.48	0.46389
1304.73	0.75199
1304.98	0.874066
1305.23	0.644563
1305.48	0.517603
1305.73	0.844768
1305.99	0.581083
1306.24	0.380878
1306.49	0.952195
1306.74	0.502954
1306.99	0.92778
1307.24	0.678744
1307.5	1.06939
1307.75	0.419942
1308	0.561551
1308.25	0.595732
1308.5	0.722692
1308.75	0.776405
1309.01	0.600615
1309.26	0.883832
1309.51	0.478539
1309.76	0.46389
1310.01	0.678744
1310.26	0.747107
1310.52	0.8643
1310.77	1.14263
1311.02	0.659212
1311.27	0.654329
1311.52	0.483422
1311.78	0.35158
1312.03	0.429708
1312.28	0.830119
1312.53	0.756873
1312.78	0.913131
1313.03	0.551785
1313.29	0.678744
1313.54	0.673861
1313.79	0.605498
1314.04	0.952195
1314.29	0.649446
1314.54	0.732458
1314.8	0.566434
1315.05	0.991259
1315.3	0.51272
1315.55	0.268568
1315.8	0.761756
1316.05	0.258802
1316.31	0.332047
1316.56	0.698276
1316.81	0.625031
1317.06	0.546902
1317.31	1.14263
1317.56	1.36237
1317.82	0.664095
1318.07	0.737341
1318.32	0.546902
1318.57	0.595732
1318.82	0.366229
1319.07	0.781288
1319.33	0.620147
1319.58	0.620147
1319.83	0.820353
1320.08	0.703159
1320.33	0.405293
1320.58	0.0390644
1320.84	0.654329
1321.09	0.649446
1321.34	0.468773
1321.59	0.634797
1321.84	0.756873
1322.09	0.664095
1322.35	0.537136
1322.6	0.263685
1322.85	0.136725
1323.1	0.732458
1323.35	0.649446
1323.6	0.454124
1323.86	0.395527
1324.11	0.537136
1324.36	0.8643
1324.61	0.615264
1324.86	0.932663
1325.11	0.595732
1325.37	0.249036
1325.62	1.00103
1325.87	0.5762
1326.12	0.737341
1326.37	0.390644
1326.62	0.786171
1326.88	0.502954
1327.13	0.537136
1327.38	0.361346
1327.63	0.46389
1327.88	0.605498
1328.13	0.200205
1328.39	0.542019
1328.64	0.107427
1328.89	0.786171
1329.14	0.825236
1329.39	0.410176
1329.64	0.444358
1329.9	0.756873
1330.15	0.766639
1330.4	0.571317
1330.65	0.869183
1330.9	0.444358
1331.15	0.444358
1331.41	0.859417
1331.66	0.507837
1331.91	0.8643
1332.16	0.922897
1332.41	0.483422
1332.66	0.444358
1332.92	0.947312
1333.17	0.766639
1333.42	0.805703
1333.67	0.375995
1333.92	0.63968
1334.17	0.610381
1334.43	0.888715
1334.68	0.63968
1334.93	0.8643
1335.18	1.03521
1335.43	0.683627
1335.68	0.693393
1335.94	0.820353
1336.19	0.610381
1336.44	0.410176
1336.69	0.986376
1336.94	0.5762
1337.19	0.835002
1337.45	0.791054
1337.7	0.424825
1337.95	0.991259
1338.2	0.615264
1338.45	0.615264
1338.7	0.581083
1338.96	0.590849
1339.21	0.615264
1339.46	0.683627
1339.71	1.19635
1339.96	0.346697
1340.21	0.336931
1340.47	0.390644
1340.72	0.590849
1340.97	0.810586
1341.22	0.581083
1341.47	0.673861
1341.72	0.742224
1341.98	0.449241
1342.23	0.439475
1342.48	0.668978
1342.73	0.40041
1342.98	0.434592
1343.24	0.625031
1343.49	0.893598
1343.74	0.878949
1343.99	0.52737
1344.24	0.517603
1344.49	0.51272
1344.75	0.092778
1345	0.966844
1345.25	0.668978
1345.5	0.405293
1345.75	0.571317
1346	1.04009
1346.26	0.747107
1346.51	0.239269
1346.76	0.390644
1347.01	0.673861
1347.26	0.52737
1347.51	0.835002
1347.77	0.908247
1348.02	0.63968
1348.27	0.678744
1348.52	0.712925
1348.77	0.644563
1349.02	0.385761
1349.28	0.981493
1349.53	0.517603
1349.78	0.341814
1350.03	0.581083
1350.28	0.571317
1350.53	0.361346
1350.79	0.966844
1351.04	0.131842
1351.29	0.668978
1351.54	0.698276
1351.79	0.75199
1352.04	0.756873
1352.3	0.546902
1352.55	0.634797
1352.8	0.380878
1353.05	0.449241
1353.3	0.434592
1353.55	0.424825
1353.81	0.51272
1354.06	0.5762
1354.31	0.307632
1354.56	0.659212
1354.81	0.581083
1355.06	0.708042
1355.32	0.410176
1355.57	0.664095
1355.82	0.405293
1356.07	0.610381
1356.32	0.903364
1356.57	0.415059
1356.83	0.605498
1357.08	0.600615
1357.33	0.761756
1357.58	0.854534
1357.83	0.468773
1358.08	0.537136
1358.34	0.297866
1358.59	0.581083
1358.84	0.571317
1359.09	0.522486
1359.34	0.683627
1359.59	0.454124
1359.85	0.678744
1360.1	0.0292983
1360.35	0.786171
1360.6	0.46389
1360.85	0.566434
1361.1	0.52737
1361.36	0.542019
1361.61	0.332047
1361.86	1.19146
1362.11	0.737341
1362.36	0.805703
1362.61	0.380878
1362.87	0.468773
1363.12	0.51272
1363.37	0.629914
1363.62	0.483422
1363.87	0.292983
1364.12	0.546902
1364.38	0.356463
1364.63	0.629914
1364.88	0.874066
1365.13	0.332047
1365.38	0.522486
1365.63	0.52737
1365.89	0.581083
1366.14	0.356463
1366.39	0.532253
1366.64	0.649446
1366.89	0.712925
1367.14	0.532253
1367.4	0.571317
1367.65	0.585966
1367.9	0.439475
1368.15	0.488305
1368.4	0.678744
1368.65	0.722692
1368.91	0.546902
1369.16	0.522486
1369.41	0.683627
1369.66	0.830119
1369.91	0.483422
1370.16	0.620147
1370.42	0.947312
1370.67	0.493188
1370.92	0.498071
1371.17	0.595732
1371.42	0.522486
1371.67	0.810586
1371.93	0.795937
1372.18	0.693393
1372.43	0.22462
1372.68	0.708042
1372.93	0.844768
1373.18	0.444358
1373.44	0.419942
1373.69	0.68851
1373.94	0.546902
1374.19	0.781288
1374.44	0.317398
1374.7	0.708042
1374.95	0.68851
1375.2	0.336931
1375.45	0.654329
1375.7	0.366229
1375.95	0.830119
1376.21	0.854534
1376.46	0.92778
1376.71	0.644563
1376.96	0.708042
1377.21	0.854534
1377.46	0.571317
1377.72	0.693393
1377.97	0.185556
1378.22	0.610381
1378.47	0.468773
1378.72	1.03521
1378.97	0.629914
1379.23	0.600615
1379.48	0.473656
1379.73	0.590849
1379.98	0.961961
1380.23	0.546902
1380.48	0.664095
1380.74	0.717808
1380.99	0.498071
1381.24	0.693393
1381.49	0.654329
1381.74	0.805703
1381.99	0.590849
1382.25	0.869183
1382.5	0.507837
1382.75	0.937546
1383	0.317398
1383.25	0.791054
1383.5	0.395527
1383.76	0.356463
1384.01	0.488305
1384.26	0.605498
1384.51	0.532253
1384.76	0.371112
1385.01	0.590849
1385.27	0.434592
1385.52	0.195322
1385.77	0.737341
1386.02	0.449241
1386.27	0.781288
1386.52	0.68851
1386.78	0.888715
1387.03	0.942429
1387.28	0.791054
1387.53	0.424825
1387.78	0.429708
1388.03	0.429708
1388.29	0.131842
1388.54	0.615264
1388.79	0.405293
1389.04	0.478539
1389.29	0.634797
1389.54	0.903364
1389.8	0.092778
1390.05	0.664095
1390.3	0.92778
1390.55	0.581083
1390.8	0.649446
1391.05	0.844768
1391.31	0.756873
1391.56	0.517603
1391.81	0.522486
1392.06	0.537136
1392.31	0.302749
1392.56	0.488305
1392.82	0.625031
1393.07	0.805703
1393.32	0.595732
1393.57	0.405293
1393.82	0.776405
1394.07	0.581083
1394.33	0.654329
1394.58	0.68851
1394.83	0.615264
1395.08	0.52737
1395.33	0.693393
1395.58	0.317398
1395.84	0.947312
1396.09	0.786171
1396.34	0.322281
1396.59	0.761756
1396.84	0.361346
1397.09	1.01567
1397.35	0.776405
1397.6	0.561551
1397.85	0.883832
1398.1	0.459007
1398.35	0.571317
1398.6	0.678744
1398.86	0.361346
1399.11	0.419942
1399.36	0.659212
1399.61	1.07915
1399.86	0.561551
1400.11	0.51272
1400.37	0.322281
1400.62	0.556668
1400.87	0.620147
1401.12	0.600615
1401.37	0.869183
1401.62	0.654329
1401.88	0.883832
1402.13	0.483422
1402.38	0.683627
1402.63	0.419942
1402.88	0.712925
1403.13	0.532253
1403.39	0.595732
1403.64	0.449241
1403.89	0.498071
1404.14	0.742224
1404.39	0.532253
1404.64	0.522486
1404.9	0.371112
1405.15	0.415059
1405.4	0.537136
1405.65	0.761756
1405.9	0.918014
1406.16	0.195322
1406.41	1.00591
1406.66	0.415059
1406.91	0.942429
1407.16	0.473656
1407.41	0.75199
1407.67	0.51272
1407.92	0.566434
1408.17	0.615264
1408.42	0.273451
1408.67	0.502954
1408.92	0.698276
1409.18	0.473656
1409.43	0.332047
1409.68	0.473656
1409.93	0.722692
1410.18	0.561551
1410.43	0.908247
1410.69	0.410176
1410.94	1.05962
1411.19	0.473656
1411.44	0.810586
1411.69	0.742224
1411.94	0.957078
1412.2	0.209971
1412.45	0.678744
1412.7	0.522486
1412.95	0.522486
1413.2	0.625031
1413.45	0.683627
1413.71	0.502954
1413.96	0.854534
1414.21	1.00103
1414.46	0.385761
1414.71	0.131842
1414.96	0.454124
1415.22	0.644563
1415.47	0.664095
1415.72	0.791054
1415.97	0.712925
1416.22	1.04497
1416.47	0.957078
1416.73	0.415059
1416.98	0.620147
1417.23	0.546902
1417.48	0.595732
1417.73	0.932663
1417.98	0.424825
1418.24	0.874066
1418.49	0.625031
1418.74	0.600615
1418.99	0.869183
1419.24	0.556668
1419.49	0.830119
1419.75	0.610381
1420	0.922897
1420.25	0.771522
1420.5	0.966844
1420.75	0.859417
1421	0.595732
1421.26	0.200205
1421.51	0.502954
1421.76	0.263685
1422.01	0.498071
1422.26	0.668978
1422.51	0.80082
1422.77	0.620147
1423.02	0.703159
1423.27	0.805703
1423.52	0.502954
1423.77	0.371112
1424.02	0.849651
1424.28	0.410176
1424.53	0.498071
1424.78	0.517603
1425.03	0.810586
1425.28	0.244153
1425.53	0.8643
1425.79	0.898481
1426.04	0.722692
1426.29	0.830119
1426.54	1.10845
1426.79	0.473656
1427.04	0.786171
1427.3	0.537136
1427.55	0.249036
1427.8	0.625031
1428.05	0.498071
1428.3	0.708042
1428.55	0.395527
1428.81	0.849651
1429.06	0.732458
1429.31	0.585966
1429.56	0.52737
1429.81	0.942429
1430.06	0.654329
1430.32	0.971727
1430.57	0.913131
1430.82	0.590849
1431.07	0.835002
1431.32	0.742224
1431.57	0.654329
1431.83	0.410176
1432.08	0.693393
1432.33	0.385761
1432.58	0.595732
1432.83	1.03521
1433.08	0.478539
1433.34	0.502954
1433.59	0.522486
1433.84	0.673861
1434.09	0.737341
1434.34	0.5762
1434.59	0.673861
1434.85	0.493188
1435.1	0.454124
1435.35	0.581083
1435.6	0.537136
1435.85	0.561551
1436.1	1.03521
1436.36	0.307632
1436.61	0.459007
1436.86	0.771522
1437.11	0.537136
1437.36	0.781288
1437.62	0.5762
1437.87	0.581083
1438.12	0.825236
1438.37	0.200205
1438.62	0.654329
1438.87	0.722692
1439.13	0.507837
1439.38	0.92778
1439.63	0.673861
1439.88	0.507837
1440.13	0.712925
1440.38	0.844768
1440.64	0.361346
1440.89	0.434592
1441.14	0.903364
1441.39	0.844768
1441.64	0.385761
1441.89	0.825236
1442.15	0.727575
1442.4	0.63968
1442.65	0.493188
1442.9	0.786171
1443.15	0.854534
1443.4	0.585966
1443.66	0.878949
1443.91	1.00591
1444.16	0.649446
1444.41	0.698276
1444.66	0.317398
1444.91	0.551785
1445.17	0.869183
1445.42	0.620147
1445.67	0.918014
1445.92	0.664095
1446.17	0.532253
1446.42	0.830119
1446.68	0.356463
1446.93	0.63968
1447.18	0.52737
1447.43	0.634797
1447.68	0.835002
1447.93	0.483422
1448.19	0.419942
1448.44	0.654329
1448.69	0.996142
1448.94	0.859417
1449.19	0.517603
1449.44	0.844768
1449.7	0.532253
1449.95	0.341814
1450.2	0.75199
1450.45	0.893598
1450.7	0.844768
1450.95	1.02056
1451.21	1.05962
1451.46	0.537136
1451.71	0.390644
1451.96	0.209971
1452.21	0.957078
1452.46	0.444358
1452.72	0.537136
1452.97	0.268568
1453.22	0.97661
1453.47	1.08404
1453.72	0.737341
1453.97	0.449241
1454.23	0.5762
1454.48	0.415059
1454.73	0.371112
1454.98	0.786171
1455.23	0.761756
1455.48	1.11822
1455.74	0.839885
1455.99	0.249036
1456.24	0.756873
1456.49	0.678744
1456.74	0.468773
1456.99	0.297866
1457.25	0.268568
1457.5	0.410176
1457.75	0.761756
1458	0.825236
1458.25	0.556668
1458.5	0.122076
1458.76	0.449241
1459.01	0.810586
1459.26	0.781288
1459.51	0.493188
1459.76	0.712925
1460.01	1.05474
1460.27	1.07915
1460.52	0.478539
1460.77	0.336931
1461.02	0.332047
1461.27	0.454124
1461.52	1.02544
1461.78	0.581083
1462.03	0.781288
1462.28	0.761756
1462.53	0.615264
1462.78	0.712925
1463.03	0.600615
1463.29	0.835002
1463.54	0.537136
1463.79	0.859417
1464.04	0.46389
1464.29	0.68851
1464.54	0.756873
1464.8	0.380878
1465.05	0.722692
1465.3	0.68851
1465.55	0.136725
1465.8	0.80082
1466.05	0.0390644
1466.31	0.483422
1466.56	0.415059
1466.81	0.678744
1467.06	0.419942
1467.31	0.654329
1467.56	0.307632
1467.82	0.756873
1468.07	0.874066
1468.32	0.8643
1468.57	0.371112
1468.82	0.566434
1469.08	0.52737
1469.33	0.761756
1469.58	0.781288
1469.83	0.5762
1470.08	0.849651
1470.33	0.507837
1470.59	0.361346
1470.84	0.571317
1471.09	0.209971
1471.34	0.849651
1471.59	1.04009
1471.84	0.22462
1472.1	0.249036
1472.35	0.644563
1472.6	0.405293
1472.85	0.488305
1473.1	0.493188
1473.35	0.644563
1473.61	0.776405
1473.86	0.454124
1474.11	0.312515
1474.36	0.434592
1474.61	0.756873
1474.86	0.791054
1475.12	0.302749
1475.37	0.498071
1475.62	0.893598
1475.87	0.454124
1476.12	0.747107
1476.37	0.585966
1476.63	0.571317
1476.88	0.244153
1477.13	0.615264
1477.38	0.473656
1477.63	0.615264
1477.88	0.839885
1478.14	0.336931
1478.39	0.556668
1478.64	0.410176
1478.89	0.668978
1479.14	0.292983
1479.39	0.703159
1479.65	0.68851
1479.9	0.922897
1480.15	0.717808
1480.4	0.835002
1480.65	0.488305
1480.9	0.385761
1481.16	0.678744
1481.41	0.615264
1481.66	0.664095
1481.91	0.415059
1482.16	0.449241
1482.41	0.366229
1482.67	0.542019
1482.92	0.859417
1483.17	1.04986
1483.42	0.517603
1483.67	0.40041
1483.92	0.771522
1484.18	0.498071
1484.43	1.01567
1484.68	0.698276
1484.93	0.878949
1485.18	0.605498
1485.43	0.537136
1485.69	0.468773
1485.94	0.375995
1486.19	0.268568
1486.44	0.922897
1486.69	0.322281
1486.94	0.600615
1487.2	0.654329
1487.45	0.5762
1487.7	0.161141
1487.95	0.610381
1488.2	0.522486
1488.45	0.63968
1488.71	0.722692
1488.96	0.590849
1489.21	0.390644
1489.46	0.722692
1489.71	0.136725
1489.96	0.883832
1490.22	0.493188
1490.47	0.375995
1490.72	0.673861
1490.97	0.605498
1491.22	0.620147
1491.47	0.268568
1491.73	0.488305
1491.98	0.673861
1492.23	0.732458
1492.48	0.439475
1492.73	0.737341
1492.98	1.0938
1493.24	0.180673
1493.49	0.791054
1493.74	0.405293
1493.99	0.468773
1494.24	0.893598
1494.49	0.361346
1494.75	0.712925
1495	0.444358
1495.25	0.703159
1495.5	0.429708
1495.75	0.610381
1496	0.747107
1496.26	0.390644
1496.51	0.659212
1496.76	0.454124
1497.01	0.961961
1497.26	0.273451
1497.51	0.649446
1497.77	0.786171
1498.02	0.107427
1498.27	0.825236
1498.52	0.659212
1498.77	0.654329
1499.02	0.307632
1499.28	0.678744
1499.53	0.346697
1499.78	0.5762
1500.03	0.532253
1500.28	0.786171
1500.54	0.141608
1500.79	0.63968
1501.04	0.615264
1501.29	0.297866
1501.54	0.297866
1501.79	0.835002
1502.05	0.92778
1502.3	0.664095
1502.55	0.327164
1502.8	0.659212
1503.05	0.649446
1503.3	0.649446
1503.56	0.546902
1503.81	0.649446
1504.06	0.454124
1504.31	0.5762
1504.56	0.952195
1504.81	0.678744
1505.07	0.429708
1505.32	0.209971
1505.57	0.595732
1505.82	0.258802
1506.07	0.810586
1506.32	0.473656
1506.58	0.444358
1506.83	0.478539
1507.08	0.791054
1507.33	0.2881
1507.58	0.683627
1507.83	0.52737
1508.09	0.986376
1508.34	0.81547
1508.59	0.805703
1508.84	0.561551
1509.09	0.253919
1509.34	0.385761
1509.6	0.595732
1509.85	0.371112
1510.1	0.781288
