------------------------

T2 Curve Fit Results
04.07.2019 17:57
------------------------

------------------------
Pulse Separ.  : 0.100 ms
Data Points   : 3000
Dummy Echoes  : 0
Expon. Order  : 1
Modifications : 0
Storing Data  : 0
------------------------



------------------------
SampleId: '1'
------------------------
Amplitude  :     49.3  %
         +/-      0.4  %
T2         :     28.5 ms
         +/-      0.3 ms
Offset     :     0.55  %
         +/-     0.04  %
------------------------

Bruker BioSpin GmbH: the minispec
DataType=1
DataLimits=0.27024,754.579,3000
DataUnit=ms,%
c:\users\bruker\documents\joao_ambrozetto\cpmg-amostragd\amostragd_cpmg.app
04.07.2019 18:01:17

0.27024	81.7618
0.52176	77.6649
0.77328	75.1209
1.0248	71.5367
1.27632	69.354
1.52784	66.1263
1.77936	64.2561
2.03088	61.3995
2.2824	59.7295
2.53392	57.1805
2.78544	55.7156
3.03696	53.4401
3.28848	52.1363
3.54	50.1099
3.79152	48.9379
4.04304	47.1068
4.29456	46.0667
4.54608	44.4553
4.7976	43.5129
5.04912	42.048
5.30064	41.2129
5.55216	39.9092
5.80368	39.1523
6.0552	37.9901
6.30672	37.2772
6.55824	36.2567
6.80976	35.5877
7.06128	34.6843
7.3128	34.069
7.56432	33.278
7.81584	32.7262
8.06736	32.0182
8.31888	31.4957
8.5704	30.8316
8.82192	30.3579
9.07344	29.7866
9.32496	29.3325
9.57648	28.8344
9.828	28.3901
10.0795	27.9603
10.331	27.5453
10.5826	27.1693
10.8341	26.7689
11.0856	26.4515
11.3371	26.0657
11.5886	25.7776
11.8402	25.4114
12.0917	25.1428
12.3432	24.801
12.5947	24.5764
12.8462	24.2639
13.0978	24.0441
13.3493	23.756
13.6008	23.5607
13.8523	23.2531
14.1038	23.1066
14.3554	22.8087
14.6069	22.672
14.8584	22.4279
15.1099	22.2667
15.3614	22.0226
15.613	21.9054
15.8645	21.6563
16.116	21.5636
16.3675	21.3096
16.619	21.2413
16.8706	21.002
17.1221	20.9043
17.3736	20.7139
17.6251	20.6162
17.8766	20.4209
18.1282	20.3428
18.3797	20.1572
18.6312	20.0693
18.8827	19.8887
19.1342	19.8154
19.3858	19.6445
19.6373	19.5664
19.8888	19.4248
20.1403	19.3271
20.3918	19.205
20.6434	19.1025
20.8949	18.9853
21.1464	18.8828
21.3979	18.7558
21.6494	18.6679
21.901	18.5605
22.1525	18.4628
22.404	18.3603
22.6555	18.2626
22.907	18.1698
23.1586	18.0722
23.4101	17.9794
23.6616	17.8817
23.9131	17.8085
24.1646	17.6913
24.4162	17.6229
24.6677	17.5155
24.9192	17.4423
25.1707	17.3592
25.4222	17.2665
25.6738	17.159
25.9253	17.0956
26.1768	16.9979
26.4283	16.9344
26.6798	16.8172
26.9314	16.783
27.1829	16.6659
27.4344	16.6073
27.6859	16.4949
27.9374	16.4705
28.189	16.3436
28.4405	16.2899
28.692	16.1873
28.9435	16.1434
29.195	16.0359
29.4466	16.0066
29.6981	15.8943
29.9496	15.8504
30.2011	15.7332
30.4526	15.6941
30.7042	15.5818
30.9557	15.5379
31.2072	15.4549
31.4587	15.4158
31.7102	15.3132
31.9618	15.2742
32.2133	15.1814
32.4648	15.1326
32.7163	15.0447
32.9678	14.9861
33.2194	14.9177
33.4709	14.8542
33.7224	14.781
33.9739	14.7273
34.2254	14.6394
34.477	14.5954
34.7285	14.5027
34.98	14.4489
35.2315	14.3806
35.483	14.3269
35.7346	14.2487
35.9861	14.1901
36.2376	14.1413
36.4891	14.0681
36.7406	14.0144
36.9922	13.9313
37.2437	13.8923
37.4952	13.8093
37.7467	13.7604
37.9982	13.6677
38.2498	13.6286
38.5013	13.5602
38.7528	13.5163
39.0043	13.4333
39.2558	13.3942
39.5074	13.321
39.7589	13.2868
40.0104	13.1842
40.2619	13.1501
40.5134	13.0817
40.765	13.0426
41.0165	12.9547
41.268	12.9206
41.5195	12.8571
41.771	12.8082
42.0226	12.735
42.2741	12.691
42.5256	12.6178
42.7771	12.5787
43.0286	12.5055
43.2802	12.4664
43.5317	12.4078
43.7832	12.3541
44.0347	12.2906
44.2862	12.2467
44.5378	12.1734
44.7893	12.1344
45.0408	12.0904
45.2923	12.0221
45.5438	11.9684
45.7954	11.9146
46.0469	11.856
46.2984	11.8121
46.5499	11.7779
46.8014	11.7096
47.053	11.6705
47.3045	11.6119
47.556	11.5484
47.8075	11.5094
48.059	11.4508
48.3106	11.4068
48.5621	11.3531
48.8136	11.3043
49.0651	11.2554
49.3166	11.192
49.5682	11.148
49.8197	11.1138
50.0712	11.0357
50.3227	11.0162
50.5742	10.9576
50.8258	10.9234
51.0773	10.8453
51.3288	10.816
51.5803	10.7671
51.8318	10.689
52.0834	10.6695
52.3349	10.6255
52.5864	10.5718
52.8379	10.5132
53.0894	10.4741
53.341	10.4302
53.5925	10.3911
53.844	10.3277
54.0955	10.2837
54.347	10.2446
54.5986	10.1909
54.8501	10.1519
55.1016	10.1128
55.3531	10.064
55.6046	10.0103
55.8562	9.98096
56.1077	9.93213
56.3592	9.8833
56.6107	9.84911
56.8622	9.7954
57.1138	9.75145
57.3653	9.72704
57.6168	9.67332
57.8683	9.62449
58.1198	9.58543
58.3714	9.5366
58.6229	9.5073
58.8744	9.4487
59.1259	9.40964
59.3774	9.38522
59.629	9.32663
59.8805	9.29245
60.132	9.25338
60.3835	9.20943
60.635	9.17037
60.8866	9.13619
61.1381	9.09224
61.3896	9.04829
61.6411	8.99458
61.8926	8.96528
62.1442	8.92133
62.3957	8.9018
62.6472	8.84321
62.8987	8.81391
63.1502	8.76508
63.4018	8.74554
63.6533	8.7016
63.9048	8.65765
64.1563	8.63323
64.4078	8.5844
64.6594	8.53557
64.9109	8.50627
65.1624	8.46233
65.4139	8.43303
65.6654	8.3842
65.917	8.37932
66.1685	8.31095
66.42	8.28654
66.6715	8.24747
66.923	8.22794
67.1746	8.17911
67.4261	8.13516
67.6776	8.08145
67.9291	8.06192
68.1806	8.01797
68.4322	7.98379
68.6837	7.95937
68.9352	7.91054
69.1867	7.88124
69.4382	7.85683
69.6898	7.81288
69.9413	7.78358
70.1928	7.73964
70.4443	7.72987
70.6958	7.67127
70.9474	7.64686
71.1989	7.61268
71.4504	7.57361
71.7019	7.53943
71.9534	7.50525
72.205	7.48083
72.4565	7.44177
72.708	7.40759
72.9595	7.37829
73.211	7.33434
73.4626	7.32458
73.7141	7.27575
73.9656	7.25621
74.2171	7.2318
74.4686	7.18297
74.7202	7.15855
74.9717	7.12437
75.2232	7.09507
75.4747	7.06089
75.7262	7.04624
75.9778	7.0023
76.2293	6.95835
76.4808	6.93882
76.7323	6.9144
76.9838	6.87045
77.2354	6.85092
77.4869	6.81186
77.7384	6.79721
77.9899	6.76303
78.2414	6.7142
78.493	6.69955
78.7445	6.67025
78.996	6.63118
79.2475	6.61653
79.499	6.597
79.7506	6.57747
80.0021	6.53841
80.2536	6.48469
80.5051	6.47493
80.7566	6.43586
81.0082	6.40656
81.2597	6.3968
81.5112	6.34797
81.7627	6.3382
82.0142	6.28937
82.2658	6.26495
82.5173	6.24542
82.7688	6.20636
83.0203	6.19659
83.2718	6.16241
83.5234	6.14776
83.7749	6.11358
84.0264	6.07452
84.2779	6.05498
84.5294	6.02568
84.781	6.00127
85.0325	5.99639
85.284	5.94756
85.5355	5.92314
85.787	5.89384
86.0386	5.86943
86.2901	5.84013
86.5416	5.82548
86.7931	5.80106
87.0446	5.78153
87.2962	5.7327
87.5477	5.73758
87.7992	5.7034
88.0507	5.66922
88.3022	5.64969
88.5538	5.63016
88.8053	5.60574
89.0568	5.58621
89.3083	5.55691
89.5598	5.52273
89.8114	5.50808
90.0629	5.48367
90.3144	5.44948
90.5659	5.42507
90.8174	5.40554
91.069	5.37624
91.3205	5.35671
91.572	5.31764
91.8235	5.33229
92.075	5.27858
92.3266	5.26881
92.5781	5.23463
92.8296	5.22975
93.0811	5.1858
93.3326	5.17603
93.5842	5.14674
93.8357	5.13209
94.0872	5.10279
94.3387	5.09791
94.5902	5.05396
94.8418	5.03931
95.0933	5.01489
95.3448	5.01001
95.5963	4.97095
95.8478	4.95141
96.0994	4.94165
96.3509	4.90258
96.6024	4.89282
96.8539	4.85864
97.1054	4.85375
97.357	4.8391
97.6085	4.81469
97.86	4.79027
98.1115	4.75609
98.363	4.74633
98.6146	4.71703
98.8661	4.69749
99.1176	4.68773
99.3691	4.64866
99.6206	4.65843
99.8722	4.63402
100.124	4.60472
100.375	4.59007
100.627	4.56077
100.878	4.51194
101.13	4.51682
101.381	4.48264
101.633	4.48264
101.884	4.46799
102.136	4.43381
102.387	4.41916
102.639	4.40451
102.89	4.3801
103.142	4.37033
103.393	4.34103
103.645	4.3215
103.896	4.30685
104.148	4.28244
104.4	4.28244
104.651	4.25802
104.903	4.23361
105.154	4.23361
105.406	4.18966
105.657	4.17013
105.909	4.15548
106.16	4.13594
106.412	4.12129
106.663	4.12129
106.915	4.08223
107.166	4.06758
107.418	4.05293
107.669	4.04805
107.921	4.02363
108.172	4.01387
108.424	3.98945
108.675	3.96992
108.927	3.94062
109.178	3.92109
109.43	3.90156
109.681	3.89667
109.933	3.88203
110.184	3.86249
110.436	3.84784
110.688	3.83808
110.939	3.81855
111.191	3.79901
111.442	3.7746
111.694	3.7746
111.945	3.75018
112.197	3.74042
112.448	3.71112
112.7	3.70135
112.951	3.67694
113.203	3.67205
113.454	3.66229
113.706	3.63299
113.957	3.62811
114.209	3.61834
114.46	3.59881
114.712	3.56951
114.963	3.57439
115.215	3.54021
115.466	3.52068
115.718	3.51091
115.969	3.50115
116.221	3.47673
116.472	3.48162
116.724	3.46208
116.976	3.45232
117.227	3.43278
117.479	3.41325
117.73	3.3986
117.982	3.38395
118.233	3.36442
118.485	3.36442
118.736	3.33512
118.988	3.32536
119.239	3.31071
119.491	3.29118
119.742	3.28629
119.994	3.26676
120.245	3.24723
120.497	3.24235
120.748	3.2277
121	3.20328
121.251	3.21305
121.503	3.16422
121.754	3.18375
122.006	3.14468
122.257	3.1398
122.509	3.13492
122.76	3.1105
123.012	3.1105
123.264	3.09097
123.515	3.08609
123.767	3.07632
124.018	3.05191
124.27	3.04702
124.521	3.03237
124.773	3.01773
125.024	3.00308
125.276	2.99819
125.527	2.97866
125.779	2.95425
126.03	2.96401
126.282	2.94936
126.533	2.93471
126.785	2.90542
127.036	2.91518
127.288	2.89077
127.539	2.87612
127.791	2.86635
128.042	2.84682
128.294	2.83217
128.545	2.8224
128.797	2.81752
129.048	2.79799
129.3	2.78334
129.552	2.77846
129.803	2.76869
130.055	2.74916
130.306	2.75404
130.558	2.71986
130.809	2.72474
131.061	2.71498
131.312	2.70521
131.564	2.68568
131.815	2.67103
132.067	2.68079
132.318	2.65638
132.57	2.63685
132.821	2.62708
133.073	2.62708
133.324	2.60267
133.576	2.60267
133.827	2.58802
134.079	2.57825
134.33	2.5636
134.582	2.55872
134.833	2.55384
135.085	2.5343
135.336	2.51477
135.588	2.51477
135.84	2.50012
136.091	2.48059
136.343	2.48059
136.594	2.45617
136.846	2.44641
137.097	2.44153
137.349	2.43664
137.6	2.42688
137.852	2.42688
138.103	2.40734
138.355	2.39269
138.606	2.39269
138.858	2.35851
139.109	2.35851
139.361	2.34386
139.612	2.34875
139.864	2.31945
140.115	2.32922
140.367	2.31945
140.618	2.29503
140.87	2.3048
141.121	2.29015
141.373	2.28527
141.624	2.27062
141.876	2.25597
142.128	2.2462
142.379	2.22667
142.631	2.23155
142.882	2.21202
143.134	2.21202
143.385	2.19249
143.637	2.17784
143.888	2.18272
144.14	2.16807
144.391	2.16807
144.643	2.16319
144.894	2.13389
145.146	2.13878
145.397	2.12413
145.649	2.11436
145.9	2.10948
146.152	2.09971
146.403	2.08506
146.655	2.09971
146.906	2.08018
147.158	2.06065
147.409	2.03623
147.661	2.05088
147.912	2.03623
148.164	2.02647
148.416	2.03135
148.667	2.00693
148.919	1.99717
149.17	1.99717
149.422	1.97764
149.673	1.97275
149.925	1.96299
150.176	1.96787
150.428	1.9581
150.679	1.93857
150.931	1.94345
151.182	1.93369
151.434	1.92881
151.685	1.90927
151.937	1.89462
152.188	1.89462
152.44	1.88974
152.691	1.88974
152.943	1.87997
153.194	1.87509
153.446	1.85556
153.697	1.84091
153.949	1.85068
154.2	1.83603
154.452	1.83114
154.704	1.82138
154.955	1.81649
155.207	1.81161
155.458	1.79696
155.71	1.79696
155.961	1.78231
156.213	1.77743
156.464	1.77255
156.716	1.76766
156.967	1.75302
157.219	1.73837
157.47	1.73837
157.722	1.73348
157.973	1.72372
158.225	1.71883
158.476	1.72372
158.728	1.70418
158.979	1.6993
159.231	1.68465
159.482	1.66512
159.734	1.68465
159.985	1.67
160.237	1.67489
160.488	1.65047
160.74	1.64559
160.992	1.63094
161.243	1.62117
161.495	1.62117
161.746	1.62117
161.998	1.63582
162.249	1.61141
162.501	1.61141
162.752	1.57723
163.004	1.60164
163.255	1.58211
163.507	1.57723
163.758	1.56258
164.01	1.56746
164.261	1.55769
164.513	1.56258
164.764	1.54793
165.016	1.53816
165.267	1.52839
165.519	1.52351
165.77	1.50886
166.022	1.51375
166.273	1.51375
166.525	1.4991
166.776	1.48445
167.028	1.48933
167.28	1.48933
167.531	1.48445
167.783	1.46492
168.034	1.44538
168.286	1.45027
168.537	1.45515
168.789	1.44538
169.04	1.4405
169.292	1.42585
169.543	1.42585
169.795	1.42097
170.046	1.42097
170.298	1.4112
170.549	1.4112
170.801	1.39167
171.052	1.39167
171.304	1.38679
171.555	1.38679
171.807	1.39167
172.058	1.37214
172.31	1.36725
172.561	1.35749
172.813	1.32819
173.064	1.34284
173.316	1.33307
173.568	1.33796
173.819	1.32331
174.071	1.32331
174.322	1.35261
174.574	1.33307
174.825	1.29889
175.077	1.31354
175.328	1.29889
175.58	1.29889
175.831	1.28913
176.083	1.28424
176.334	1.27448
176.586	1.26959
176.837	1.27448
177.089	1.26471
177.34	1.26471
177.592	1.25494
177.843	1.24029
178.095	1.25494
178.346	1.23541
178.598	1.23053
178.849	1.23541
179.101	1.211
179.352	1.211
179.604	1.20123
179.856	1.20611
180.107	1.211
180.359	1.19635
180.61	1.20123
180.862	1.19635
181.113	1.18658
181.365	1.19635
181.616	1.17193
181.868	1.16705
182.119	1.17682
182.371	1.16705
182.622	1.16705
182.874	1.15728
183.125	1.15728
183.377	1.15728
183.628	1.14752
183.88	1.13287
184.131	1.14263
184.383	1.13287
184.634	1.1231
184.886	1.11822
185.137	1.1231
185.389	1.11334
185.64	1.09869
185.892	1.09869
186.144	1.0938
186.395	1.07915
186.647	1.0938
186.898	1.08892
187.15	1.08404
187.401	1.06939
187.653	1.07427
187.904	1.07427
188.156	1.05474
188.407	1.04009
188.659	1.04986
188.91	1.05474
189.162	1.04497
189.413	1.04986
189.665	1.03032
189.916	1.03032
190.168	1.01567
190.419	1.03521
190.671	1.03032
190.922	1.01079
191.174	1.02056
191.425	1.01079
191.677	1.01079
191.928	0.996142
192.18	1.01079
192.432	1.01079
192.683	0.981493
192.935	0.996142
193.186	0.961961
193.438	0.971727
193.689	0.966844
193.941	0.971727
194.192	0.971727
194.444	0.957078
194.695	0.947312
194.947	0.957078
195.198	0.971727
195.45	0.952195
195.701	0.942429
195.953	0.932663
196.204	0.947312
196.456	0.92778
196.707	0.932663
196.959	0.92778
197.21	0.92778
197.462	0.913131
197.713	0.908247
197.965	0.918014
198.216	0.908247
198.468	0.898481
198.72	0.898481
198.971	0.908247
199.223	0.903364
199.474	0.898481
199.726	0.883832
199.977	0.883832
200.229	0.888715
200.48	0.878949
200.732	0.883832
200.983	0.874066
201.235	0.859417
201.486	0.869183
201.738	0.8643
201.989	0.859417
202.241	0.844768
202.492	0.849651
202.744	0.844768
202.995	0.839885
203.247	0.835002
203.498	0.844768
203.75	0.820353
204.001	0.825236
204.253	0.820353
204.504	0.835002
204.756	0.835002
205.008	0.820353
205.259	0.810586
205.511	0.810586
205.762	0.810586
206.014	0.805703
206.265	0.81547
206.517	0.805703
206.768	0.80082
207.02	0.81547
207.271	0.80082
207.523	0.791054
207.774	0.766639
208.026	0.80082
208.277	0.776405
208.529	0.786171
208.78	0.776405
209.032	0.761756
209.283	0.771522
209.535	0.771522
209.786	0.766639
210.038	0.75199
210.289	0.756873
210.541	0.766639
210.792	0.742224
211.044	0.747107
211.296	0.747107
211.547	0.742224
211.799	0.756873
212.05	0.727575
212.302	0.722692
212.553	0.732458
212.805	0.722692
213.056	0.732458
213.308	0.717808
213.559	0.703159
213.811	0.717808
214.062	0.722692
214.314	0.717808
214.565	0.712925
214.817	0.712925
215.068	0.712925
215.32	0.727575
215.571	0.708042
215.823	0.703159
216.074	0.708042
216.326	0.68851
216.577	0.698276
216.829	0.683627
217.08	0.693393
217.332	0.678744
217.584	0.68851
217.835	0.683627
218.087	0.673861
218.338	0.673861
218.59	0.678744
218.841	0.654329
219.093	0.664095
219.344	0.649446
219.596	0.668978
219.847	0.668978
220.099	0.659212
220.35	0.654329
220.602	0.659212
220.853	0.654329
221.105	0.654329
221.356	0.659212
221.608	0.644563
221.859	0.634797
222.111	0.629914
222.362	0.625031
222.614	0.634797
222.865	0.620147
223.117	0.629914
223.368	0.629914
223.62	0.625031
223.872	0.620147
224.123	0.629914
224.375	0.620147
224.626	0.620147
224.878	0.610381
225.129	0.620147
225.381	0.610381
225.632	0.610381
225.884	0.610381
226.135	0.600615
226.387	0.595732
226.638	0.605498
226.89	0.610381
227.141	0.585966
227.393	0.585966
227.644	0.590849
227.896	0.585966
228.147	0.595732
228.399	0.590849
228.65	0.571317
228.902	0.566434
229.153	0.5762
229.405	0.581083
229.656	0.571317
229.908	0.566434
230.16	0.5762
230.411	0.5762
230.663	0.566434
230.914	0.571317
231.166	0.556668
231.417	0.551785
231.669	0.566434
231.92	0.566434
232.172	0.551785
232.423	0.551785
232.675	0.546902
232.926	0.551785
233.178	0.546902
233.429	0.537136
233.681	0.546902
233.932	0.551785
234.184	0.537136
234.435	0.542019
234.687	0.537136
234.938	0.551785
235.19	0.522486
235.441	0.542019
235.693	0.532253
235.944	0.517603
236.196	0.517603
236.448	0.51272
236.699	0.522486
236.951	0.51272
237.202	0.51272
237.454	0.522486
237.705	0.522486
237.957	0.517603
238.208	0.498071
238.46	0.507837
238.711	0.507837
238.963	0.522486
239.214	0.507837
239.466	0.502954
239.717	0.483422
239.969	0.493188
240.22	0.493188
240.472	0.498071
240.723	0.488305
240.975	0.498071
241.226	0.493188
241.478	0.483422
241.729	0.498071
241.981	0.488305
242.232	0.483422
242.484	0.478539
242.736	0.483422
242.987	0.46389
243.239	0.468773
243.49	0.459007
243.742	0.483422
243.993	0.483422
244.245	0.483422
244.496	0.478539
244.748	0.468773
244.999	0.468773
245.251	0.444358
245.502	0.478539
245.754	0.459007
246.005	0.459007
246.257	0.46389
246.508	0.468773
246.76	0.454124
247.011	0.454124
247.263	0.459007
247.514	0.459007
247.766	0.439475
248.017	0.46389
248.269	0.46389
248.52	0.444358
248.772	0.439475
249.024	0.444358
249.275	0.439475
249.527	0.424825
249.778	0.439475
250.03	0.434592
250.281	0.444358
250.533	0.434592
250.784	0.434592
251.036	0.419942
251.287	0.434592
251.539	0.419942
251.79	0.434592
252.042	0.419942
252.293	0.415059
252.545	0.415059
252.796	0.419942
253.048	0.419942
253.299	0.405293
253.551	0.439475
253.802	0.429708
254.054	0.410176
254.305	0.410176
254.557	0.424825
254.808	0.424825
255.06	0.40041
255.312	0.395527
255.563	0.410176
255.815	0.395527
256.066	0.415059
256.318	0.40041
256.569	0.395527
256.821	0.40041
257.072	0.385761
257.324	0.40041
257.575	0.385761
257.827	0.395527
258.078	0.395527
258.33	0.395527
258.581	0.390644
258.833	0.390644
259.084	0.390644
259.336	0.395527
259.587	0.385761
259.839	0.371112
260.09	0.390644
260.342	0.371112
260.593	0.380878
260.845	0.371112
261.096	0.375995
261.348	0.375995
261.6	0.366229
261.851	0.380878
262.103	0.361346
262.354	0.380878
262.606	0.371112
262.857	0.380878
263.109	0.361346
263.36	0.375995
263.612	0.366229
263.863	0.366229
264.115	0.371112
264.366	0.35158
264.618	0.371112
264.869	0.375995
265.121	0.35158
265.372	0.356463
265.624	0.356463
265.875	0.361346
266.127	0.366229
266.378	0.346697
266.63	0.366229
266.881	0.366229
267.133	0.356463
267.384	0.341814
267.636	0.361346
267.888	0.346697
268.139	0.346697
268.391	0.35158
268.642	0.35158
268.894	0.341814
269.145	0.346697
269.397	0.346697
269.648	0.336931
269.9	0.361346
270.151	0.336931
270.403	0.341814
270.654	0.341814
270.906	0.346697
271.157	0.336931
271.409	0.336931
271.66	0.341814
271.912	0.332047
272.163	0.332047
272.415	0.332047
272.666	0.341814
272.918	0.336931
273.169	0.346697
273.421	0.327164
273.672	0.307632
273.924	0.317398
274.176	0.312515
274.427	0.322281
274.679	0.327164
274.93	0.307632
275.182	0.307632
275.433	0.322281
275.685	0.322281
275.936	0.302749
276.188	0.307632
276.439	0.297866
276.691	0.317398
276.942	0.302749
277.194	0.332047
277.445	0.312515
277.697	0.317398
277.948	0.307632
278.2	0.312515
278.451	0.307632
278.703	0.307632
278.954	0.297866
279.206	0.312515
279.457	0.307632
279.709	0.307632
279.96	0.297866
280.212	0.2881
280.464	0.307632
280.715	0.2881
280.967	0.297866
281.218	0.302749
281.47	0.302749
281.721	0.283217
281.973	0.2881
282.224	0.297866
282.476	0.302749
282.727	0.307632
282.979	0.312515
283.23	0.283217
283.482	0.283217
283.733	0.2881
283.985	0.297866
284.236	0.283217
284.488	0.312515
284.739	0.2881
284.991	0.283217
285.242	0.2881
285.494	0.278334
285.745	0.278334
285.997	0.273451
286.248	0.302749
286.5	0.2881
286.752	0.297866
287.003	0.268568
287.255	0.278334
287.506	0.283217
287.758	0.278334
288.009	0.273451
288.261	0.268568
288.512	0.283217
288.764	0.273451
289.015	0.283217
289.267	0.263685
289.518	0.283217
289.77	0.278334
290.021	0.273451
290.273	0.268568
290.524	0.283217
290.776	0.263685
291.027	0.268568
291.279	0.268568
291.53	0.263685
291.782	0.283217
292.033	0.278334
292.285	0.268568
292.536	0.273451
292.788	0.258802
293.04	0.253919
293.291	0.268568
293.543	0.258802
293.794	0.268568
294.046	0.263685
294.297	0.258802
294.549	0.273451
294.8	0.258802
295.052	0.249036
295.303	0.268568
295.555	0.239269
295.806	0.253919
296.058	0.258802
296.309	0.244153
296.561	0.244153
296.812	0.263685
297.064	0.268568
297.315	0.249036
297.567	0.258802
297.818	0.244153
298.07	0.263685
298.321	0.253919
298.573	0.234386
298.824	0.258802
299.076	0.253919
299.328	0.249036
299.579	0.229503
299.831	0.234386
300.082	0.263685
300.334	0.239269
300.585	0.253919
300.837	0.244153
301.088	0.263685
301.34	0.244153
301.591	0.234386
301.843	0.239269
302.094	0.244153
302.346	0.249036
302.597	0.239269
302.849	0.234386
303.1	0.244153
303.352	0.239269
303.603	0.244153
303.855	0.253919
304.106	0.239269
304.358	0.234386
304.609	0.234386
304.861	0.229503
305.112	0.244153
305.364	0.239269
305.616	0.22462
305.867	0.244153
306.119	0.234386
306.37	0.229503
306.622	0.22462
306.873	0.229503
307.125	0.229503
307.376	0.22462
307.628	0.234386
307.879	0.22462
308.131	0.229503
308.382	0.229503
308.634	0.219737
308.885	0.229503
309.137	0.22462
309.388	0.219737
309.64	0.219737
309.891	0.239269
310.143	0.209971
310.394	0.219737
310.646	0.22462
310.897	0.22462
311.149	0.229503
311.4	0.22462
311.652	0.205088
311.904	0.22462
312.155	0.209971
312.407	0.219737
312.658	0.214854
312.91	0.209971
313.161	0.219737
313.413	0.229503
313.664	0.22462
313.916	0.229503
314.167	0.214854
314.419	0.214854
314.67	0.22462
314.922	0.214854
315.173	0.209971
315.425	0.22462
315.676	0.205088
315.928	0.219737
316.179	0.209971
316.431	0.219737
316.682	0.219737
316.934	0.219737
317.185	0.209971
317.437	0.209971
317.688	0.22462
317.94	0.214854
318.192	0.209971
318.443	0.195322
318.695	0.205088
318.946	0.200205
319.198	0.205088
319.449	0.205088
319.701	0.209971
319.952	0.214854
320.204	0.200205
320.455	0.205088
320.707	0.209971
320.958	0.180673
321.21	0.205088
321.461	0.200205
321.713	0.214854
321.964	0.195322
322.216	0.205088
322.467	0.214854
322.719	0.205088
322.97	0.214854
323.222	0.195322
323.473	0.205088
323.725	0.205088
323.976	0.200205
324.228	0.185556
324.48	0.200205
324.731	0.205088
324.983	0.200205
325.234	0.190439
325.486	0.200205
325.737	0.200205
325.989	0.195322
326.24	0.195322
326.492	0.195322
326.743	0.200205
326.995	0.200205
327.246	0.195322
327.498	0.205088
327.749	0.180673
328.001	0.190439
328.252	0.190439
328.504	0.200205
328.755	0.205088
329.007	0.170907
329.258	0.190439
329.51	0.200205
329.761	0.180673
330.013	0.195322
330.264	0.190439
330.516	0.200205
330.768	0.185556
331.019	0.195322
331.271	0.190439
331.522	0.185556
331.774	0.190439
332.025	0.185556
332.277	0.17579
332.528	0.195322
332.78	0.170907
333.031	0.190439
333.283	0.195322
333.534	0.195322
333.786	0.190439
334.037	0.161141
334.289	0.185556
334.54	0.17579
334.792	0.190439
335.043	0.180673
335.295	0.180673
335.546	0.180673
335.798	0.180673
336.049	0.166024
336.301	0.185556
336.552	0.17579
336.804	0.17579
337.056	0.185556
337.307	0.17579
337.559	0.170907
337.81	0.185556
338.062	0.185556
338.313	0.170907
338.565	0.156258
338.816	0.166024
339.068	0.17579
339.319	0.180673
339.571	0.17579
339.822	0.156258
340.074	0.17579
340.325	0.170907
340.577	0.180673
340.828	0.180673
341.08	0.17579
341.331	0.170907
341.583	0.170907
341.834	0.17579
342.086	0.166024
342.337	0.17579
342.589	0.17579
342.84	0.170907
343.092	0.170907
343.344	0.170907
343.595	0.166024
343.847	0.166024
344.098	0.161141
344.35	0.170907
344.601	0.17579
344.853	0.156258
345.104	0.170907
345.356	0.17579
345.607	0.161141
345.859	0.180673
346.11	0.185556
346.362	0.17579
346.613	0.180673
346.865	0.166024
347.116	0.166024
347.368	0.161141
347.619	0.156258
347.871	0.161141
348.122	0.170907
348.374	0.156258
348.625	0.166024
348.877	0.170907
349.128	0.170907
349.38	0.166024
349.632	0.156258
349.883	0.170907
350.135	0.170907
350.386	0.161141
350.638	0.161141
350.889	0.156258
351.141	0.156258
351.392	0.161141
351.644	0.151375
351.895	0.161141
352.147	0.156258
352.398	0.170907
352.65	0.170907
352.901	0.156258
353.153	0.156258
353.404	0.161141
353.656	0.166024
353.907	0.166024
354.159	0.161141
354.41	0.166024
354.662	0.161141
354.913	0.146492
355.165	0.166024
355.416	0.161141
355.668	0.161141
355.92	0.17579
356.171	0.166024
356.423	0.156258
356.674	0.161141
356.926	0.146492
357.177	0.166024
357.429	0.141608
357.68	0.156258
357.932	0.151375
358.183	0.161141
358.435	0.166024
358.686	0.156258
358.938	0.166024
359.189	0.166024
359.441	0.151375
359.692	0.161141
359.944	0.166024
360.195	0.151375
360.447	0.136725
360.698	0.161141
360.95	0.146492
361.201	0.156258
361.453	0.161141
361.704	0.161141
361.956	0.146492
362.208	0.151375
362.459	0.161141
362.711	0.141608
362.962	0.151375
363.214	0.151375
363.465	0.141608
363.717	0.146492
363.968	0.141608
364.22	0.156258
364.471	0.146492
364.723	0.146492
364.974	0.146492
365.226	0.156258
365.477	0.136725
365.729	0.151375
365.98	0.151375
366.232	0.151375
366.483	0.146492
366.735	0.161141
366.986	0.141608
367.238	0.146492
367.489	0.146492
367.741	0.156258
367.992	0.146492
368.244	0.151375
368.496	0.146492
368.747	0.141608
368.999	0.156258
369.25	0.156258
369.502	0.146492
369.753	0.146492
370.005	0.141608
370.256	0.131842
370.508	0.141608
370.759	0.146492
371.011	0.151375
371.262	0.151375
371.514	0.122076
371.765	0.151375
372.017	0.141608
372.268	0.156258
372.52	0.136725
372.771	0.131842
373.023	0.141608
373.274	0.136725
373.526	0.136725
373.777	0.131842
374.029	0.146492
374.28	0.141608
374.532	0.146492
374.784	0.136725
375.035	0.136725
375.287	0.146492
375.538	0.141608
375.79	0.136725
376.041	0.146492
376.293	0.141608
376.544	0.136725
376.796	0.136725
377.047	0.126959
377.299	0.151375
377.55	0.122076
377.802	0.126959
378.053	0.141608
378.305	0.136725
378.556	0.136725
378.808	0.136725
379.059	0.141608
379.311	0.122076
379.562	0.126959
379.814	0.136725
380.065	0.126959
380.317	0.136725
380.568	0.141608
380.82	0.141608
381.072	0.131842
381.323	0.141608
381.575	0.151375
381.826	0.131842
382.078	0.131842
382.329	0.141608
382.581	0.131842
382.832	0.131842
383.084	0.131842
383.335	0.131842
383.587	0.136725
383.838	0.136725
384.09	0.136725
384.341	0.131842
384.593	0.136725
384.844	0.146492
385.096	0.136725
385.347	0.146492
385.599	0.141608
385.85	0.126959
386.102	0.141608
386.353	0.126959
386.605	0.136725
386.856	0.117193
387.108	0.136725
387.36	0.146492
387.611	0.136725
387.863	0.141608
388.114	0.146492
388.366	0.131842
388.617	0.131842
388.869	0.126959
389.12	0.146492
389.372	0.131842
389.623	0.131842
389.875	0.126959
390.126	0.126959
390.378	0.131842
390.629	0.136725
390.881	0.126959
391.132	0.141608
391.384	0.126959
391.635	0.131842
391.887	0.131842
392.138	0.126959
392.39	0.131842
392.641	0.122076
392.893	0.11231
393.144	0.126959
393.396	0.126959
393.648	0.126959
393.899	0.117193
394.151	0.131842
394.402	0.136725
394.654	0.141608
394.905	0.136725
395.157	0.122076
395.408	0.126959
395.66	0.141608
395.911	0.131842
396.163	0.122076
396.414	0.136725
396.666	0.117193
396.917	0.126959
397.169	0.11231
397.42	0.141608
397.672	0.146492
397.923	0.122076
398.175	0.126959
398.426	0.126959
398.678	0.11231
398.929	0.126959
399.181	0.136725
399.432	0.11231
399.684	0.117193
399.936	0.117193
400.187	0.126959
400.439	0.117193
400.69	0.122076
400.942	0.126959
401.193	0.117193
401.445	0.122076
401.696	0.141608
401.948	0.122076
402.199	0.11231
402.451	0.117193
402.702	0.126959
402.954	0.136725
403.205	0.11231
403.457	0.131842
403.708	0.107427
403.96	0.117193
404.211	0.117193
404.463	0.11231
404.714	0.117193
404.966	0.131842
405.217	0.122076
405.469	0.126959
405.72	0.126959
405.972	0.122076
406.224	0.131842
406.475	0.102544
406.727	0.131842
406.978	0.117193
407.23	0.131842
407.481	0.102544
407.733	0.11231
407.984	0.131842
408.236	0.122076
408.487	0.097661
408.739	0.122076
408.99	0.122076
409.242	0.126959
409.493	0.122076
409.745	0.117193
409.996	0.102544
410.248	0.122076
410.499	0.117193
410.751	0.117193
411.002	0.107427
411.254	0.117193
411.505	0.117193
411.757	0.126959
412.008	0.107427
412.26	0.107427
412.512	0.131842
412.763	0.131842
413.015	0.117193
413.266	0.11231
413.518	0.141608
413.769	0.122076
414.021	0.126959
414.272	0.126959
414.524	0.097661
414.775	0.107427
415.027	0.102544
415.278	0.107427
415.53	0.126959
415.781	0.131842
416.033	0.131842
416.284	0.117193
416.536	0.107427
416.787	0.117193
417.039	0.117193
417.29	0.11231
417.542	0.126959
417.793	0.131842
418.045	0.117193
418.296	0.102544
418.548	0.122076
418.8	0.131842
419.051	0.126959
419.303	0.126959
419.554	0.11231
419.806	0.117193
420.057	0.11231
420.309	0.117193
420.56	0.122076
420.812	0.107427
421.063	0.122076
421.315	0.11231
421.566	0.107427
421.818	0.11231
422.069	0.11231
422.321	0.126959
422.572	0.107427
422.824	0.092778
423.075	0.11231
423.327	0.102544
423.578	0.122076
423.83	0.117193
424.081	0.117193
424.333	0.107427
424.584	0.126959
424.836	0.107427
425.088	0.11231
425.339	0.117193
425.591	0.126959
425.842	0.122076
426.094	0.117193
426.345	0.117193
426.597	0.11231
426.848	0.107427
427.1	0.107427
427.351	0.122076
427.603	0.107427
427.854	0.107427
428.106	0.11231
428.357	0.107427
428.609	0.11231
428.86	0.107427
429.112	0.107427
429.363	0.122076
429.615	0.122076
429.866	0.11231
430.118	0.102544
430.369	0.11231
430.621	0.11231
430.872	0.117193
431.124	0.102544
431.376	0.097661
431.627	0.107427
431.879	0.117193
432.13	0.107427
432.382	0.117193
432.633	0.107427
432.885	0.107427
433.136	0.107427
433.388	0.11231
433.639	0.11231
433.891	0.107427
434.142	0.117193
434.394	0.117193
434.645	0.102544
434.897	0.097661
435.148	0.122076
435.4	0.102544
435.651	0.117193
435.903	0.11231
436.154	0.107427
436.406	0.102544
436.657	0.107427
436.909	0.107427
437.16	0.107427
437.412	0.117193
437.664	0.092778
437.915	0.097661
438.167	0.097661
438.418	0.107427
438.67	0.092778
438.921	0.097661
439.173	0.117193
439.424	0.102544
439.676	0.117193
439.927	0.107427
440.179	0.107427
440.43	0.102544
440.682	0.102544
440.933	0.097661
441.185	0.117193
441.436	0.102544
441.688	0.11231
441.939	0.11231
442.191	0.117193
442.442	0.11231
442.694	0.102544
442.945	0.102544
443.197	0.102544
443.448	0.107427
443.7	0.102544
443.952	0.107427
444.203	0.117193
444.455	0.097661
444.706	0.102544
444.958	0.117193
445.209	0.102544
445.461	0.097661
445.712	0.11231
445.964	0.107427
446.215	0.107427
446.467	0.107427
446.718	0.102544
446.97	0.102544
447.221	0.107427
447.473	0.0878949
447.724	0.102544
447.976	0.11231
448.227	0.097661
448.479	0.11231
448.73	0.097661
448.982	0.097661
449.233	0.107427
449.485	0.102544
449.736	0.097661
449.988	0.107427
450.24	0.11231
450.491	0.097661
450.743	0.102544
450.994	0.11231
451.246	0.097661
451.497	0.107427
451.749	0.11231
452	0.107427
452.252	0.11231
452.503	0.102544
452.755	0.11231
453.006	0.102544
453.258	0.097661
453.509	0.097661
453.761	0.126959
454.012	0.107427
454.264	0.097661
454.515	0.11231
454.767	0.107427
455.018	0.107427
455.27	0.097661
455.521	0.092778
455.773	0.0830119
456.024	0.11231
456.276	0.11231
456.528	0.102544
456.779	0.092778
457.031	0.11231
457.282	0.0878949
457.534	0.117193
457.785	0.122076
458.037	0.102544
458.288	0.097661
458.54	0.122076
458.791	0.107427
459.043	0.102544
459.294	0.117193
459.546	0.107427
459.797	0.0878949
460.049	0.102544
460.3	0.11231
460.552	0.097661
460.803	0.102544
461.055	0.107427
461.306	0.097661
461.558	0.097661
461.809	0.0830119
462.061	0.117193
462.312	0.107427
462.564	0.11231
462.816	0.092778
463.067	0.092778
463.319	0.097661
463.57	0.107427
463.822	0.102544
464.073	0.097661
464.325	0.107427
464.576	0.097661
464.828	0.097661
465.079	0.097661
465.331	0.092778
465.582	0.107427
465.834	0.107427
466.085	0.0878949
466.337	0.092778
466.588	0.107427
466.84	0.0878949
467.091	0.107427
467.343	0.102544
467.594	0.107427
467.846	0.11231
468.097	0.097661
468.349	0.102544
468.6	0.11231
468.852	0.102544
469.104	0.092778
469.355	0.097661
469.607	0.11231
469.858	0.0830119
470.11	0.102544
470.361	0.107427
470.613	0.107427
470.864	0.11231
471.116	0.092778
471.367	0.097661
471.619	0.0878949
471.87	0.117193
472.122	0.102544
472.373	0.0878949
472.625	0.102544
472.876	0.107427
473.128	0.102544
473.379	0.11231
473.631	0.0878949
473.882	0.092778
474.134	0.102544
474.385	0.102544
474.637	0.0878949
474.888	0.092778
475.14	0.11231
475.392	0.097661
475.643	0.102544
475.895	0.102544
476.146	0.107427
476.398	0.097661
476.649	0.092778
476.901	0.0878949
477.152	0.092778
477.404	0.102544
477.655	0.102544
477.907	0.102544
478.158	0.097661
478.41	0.092778
478.661	0.092778
478.913	0.0878949
479.164	0.0781288
479.416	0.092778
479.667	0.092778
479.919	0.102544
480.17	0.097661
480.422	0.0878949
480.673	0.097661
480.925	0.0878949
481.176	0.11231
481.428	0.0830119
481.68	0.107427
481.931	0.107427
482.183	0.107427
482.434	0.097661
482.686	0.0878949
482.937	0.097661
483.189	0.092778
483.44	0.092778
483.692	0.0830119
483.943	0.102544
484.195	0.0781288
484.446	0.0781288
484.698	0.102544
484.949	0.092778
485.201	0.097661
485.452	0.0878949
485.704	0.0878949
485.955	0.092778
486.207	0.107427
486.458	0.092778
486.71	0.0878949
486.961	0.0830119
487.213	0.102544
487.464	0.0878949
487.716	0.092778
487.968	0.107427
488.219	0.092778
488.471	0.11231
488.722	0.097661
488.974	0.097661
489.225	0.097661
489.477	0.092778
489.728	0.117193
489.98	0.0878949
490.231	0.0781288
490.483	0.0781288
490.734	0.0830119
490.986	0.0830119
491.237	0.0830119
491.489	0.0878949
491.74	0.097661
491.992	0.102544
492.243	0.097661
492.495	0.0878949
492.746	0.097661
492.998	0.102544
493.249	0.102544
493.501	0.0781288
493.752	0.097661
494.004	0.0878949
494.256	0.097661
494.507	0.0878949
494.759	0.092778
495.01	0.097661
495.262	0.092778
495.513	0.0878949
495.765	0.0781288
496.016	0.0878949
496.268	0.107427
496.519	0.102544
496.771	0.092778
497.022	0.11231
497.274	0.102544
497.525	0.097661
497.777	0.0781288
498.028	0.092778
498.28	0.097661
498.531	0.0781288
498.783	0.097661
499.034	0.0878949
499.286	0.0781288
499.537	0.092778
499.789	0.0830119
500.04	0.102544
500.292	0.097661
500.544	0.092778
500.795	0.0781288
501.047	0.0781288
501.298	0.0878949
501.55	0.107427
501.801	0.0830119
502.053	0.0732458
502.304	0.0830119
502.556	0.102544
502.807	0.097661
503.059	0.0878949
503.31	0.097661
503.562	0.092778
503.813	0.097661
504.065	0.0830119
504.316	0.0830119
504.568	0.107427
504.819	0.0878949
505.071	0.0830119
505.322	0.0878949
505.574	0.0781288
505.825	0.0878949
506.077	0.092778
506.328	0.092778
506.58	0.097661
506.832	0.097661
507.083	0.092778
507.335	0.107427
507.586	0.092778
507.838	0.102544
508.089	0.0878949
508.341	0.092778
508.592	0.097661
508.844	0.0878949
509.095	0.097661
509.347	0.102544
509.598	0.0878949
509.85	0.0830119
510.101	0.0830119
510.353	0.0878949
510.604	0.102544
510.856	0.0781288
511.107	0.0830119
511.359	0.0830119
511.61	0.0878949
511.862	0.0830119
512.113	0.102544
512.365	0.092778
512.616	0.097661
512.868	0.092778
513.12	0.102544
513.371	0.0781288
513.623	0.0830119
513.874	0.0830119
514.126	0.102544
514.377	0.0732458
514.629	0.097661
514.88	0.0732458
515.132	0.0830119
515.383	0.0830119
515.635	0.0878949
515.886	0.0634797
516.138	0.097661
516.389	0.092778
516.641	0.0878949
516.892	0.092778
517.144	0.092778
517.395	0.0878949
517.647	0.092778
517.898	0.0878949
518.15	0.097661
518.401	0.092778
518.653	0.0830119
518.904	0.0878949
519.156	0.092778
519.408	0.0830119
519.659	0.0830119
519.911	0.0781288
520.162	0.0781288
520.414	0.092778
520.665	0.092778
520.917	0.0830119
521.168	0.0878949
521.42	0.0878949
521.671	0.092778
521.923	0.0781288
522.174	0.0878949
522.426	0.092778
522.677	0.0781288
522.929	0.0878949
523.18	0.0830119
523.432	0.0830119
523.683	0.0878949
523.935	0.0781288
524.186	0.092778
524.438	0.092778
524.689	0.0732458
524.941	0.0830119
525.192	0.092778
525.444	0.0830119
525.696	0.0830119
525.947	0.0781288
526.199	0.0830119
526.45	0.0781288
526.702	0.0878949
526.953	0.107427
527.205	0.0878949
527.456	0.092778
527.708	0.0878949
527.959	0.097661
528.211	0.0830119
528.462	0.092778
528.714	0.11231
528.965	0.0878949
529.217	0.0878949
529.468	0.0732458
529.72	0.092778
529.971	0.0781288
530.223	0.0830119
530.474	0.092778
530.726	0.092778
530.977	0.0781288
531.229	0.092778
531.48	0.0781288
531.732	0.0830119
531.984	0.097661
532.235	0.0830119
532.487	0.0830119
532.738	0.0878949
532.99	0.0830119
533.241	0.0878949
533.493	0.092778
533.744	0.0878949
533.996	0.0830119
534.247	0.0878949
534.499	0.0830119
534.75	0.092778
535.002	0.0830119
535.253	0.097661
535.505	0.097661
535.756	0.0878949
536.008	0.0830119
536.259	0.092778
536.511	0.092778
536.762	0.092778
537.014	0.0878949
537.265	0.097661
537.517	0.0830119
537.768	0.0878949
538.02	0.0781288
538.272	0.0781288
538.523	0.0781288
538.775	0.092778
539.026	0.0830119
539.278	0.0878949
539.529	0.0732458
539.781	0.097661
540.032	0.0878949
540.284	0.0830119
540.535	0.0830119
540.787	0.0781288
541.038	0.0781288
541.29	0.0878949
541.541	0.0683627
541.793	0.0830119
542.044	0.092778
542.296	0.0781288
542.547	0.0830119
542.799	0.097661
543.05	0.0781288
543.302	0.0732458
543.553	0.092778
543.805	0.0781288
544.056	0.0878949
544.308	0.0878949
544.56	0.102544
544.811	0.0732458
545.063	0.092778
545.314	0.0830119
545.566	0.092778
545.817	0.0781288
546.069	0.0732458
546.32	0.0878949
546.572	0.0781288
546.823	0.0732458
547.075	0.0878949
547.326	0.0830119
547.578	0.097661
547.829	0.0732458
548.081	0.0878949
548.332	0.0830119
548.584	0.0830119
548.835	0.092778
549.087	0.092778
549.338	0.0830119
549.59	0.092778
549.841	0.0878949
550.093	0.0878949
550.344	0.0683627
550.596	0.0634797
550.848	0.0830119
551.099	0.0781288
551.351	0.0732458
551.602	0.0781288
551.854	0.0830119
552.105	0.0878949
552.357	0.0732458
552.608	0.097661
552.86	0.0830119
553.111	0.0878949
553.363	0.0830119
553.614	0.0878949
553.866	0.102544
554.117	0.0878949
554.369	0.0781288
554.62	0.0830119
554.872	0.0878949
555.123	0.0781288
555.375	0.0781288
555.626	0.0683627
555.878	0.0732458
556.129	0.092778
556.381	0.0781288
556.632	0.0732458
556.884	0.0781288
557.136	0.092778
557.387	0.0830119
557.639	0.0732458
557.89	0.0781288
558.142	0.0878949
558.393	0.0683627
558.645	0.0781288
558.896	0.0830119
559.148	0.0634797
559.399	0.0781288
559.651	0.0634797
559.902	0.0878949
560.154	0.097661
560.405	0.0878949
560.657	0.0732458
560.908	0.0830119
561.16	0.0781288
561.411	0.102544
561.663	0.0781288
561.914	0.0830119
562.166	0.092778
562.417	0.0781288
562.669	0.0781288
562.92	0.0878949
563.172	0.0781288
563.424	0.0878949
563.675	0.0830119
563.927	0.092778
564.178	0.0732458
564.43	0.0732458
564.681	0.0878949
564.933	0.0781288
565.184	0.0732458
565.436	0.0683627
565.687	0.092778
565.939	0.0878949
566.19	0.097661
566.442	0.0878949
566.693	0.0830119
566.945	0.0781288
567.196	0.0732458
567.448	0.0830119
567.699	0.0781288
567.951	0.0781288
568.202	0.0732458
568.454	0.0683627
568.705	0.0830119
568.957	0.0683627
569.208	0.0781288
569.46	0.0732458
569.712	0.0830119
569.963	0.0781288
570.215	0.0830119
570.466	0.0878949
570.718	0.0683627
570.969	0.0781288
571.221	0.0781288
571.472	0.0830119
571.724	0.0830119
571.975	0.0732458
572.227	0.0781288
572.478	0.0683627
572.73	0.0732458
572.981	0.0781288
573.233	0.0732458
573.484	0.0781288
573.736	0.0830119
573.987	0.0878949
574.239	0.0683627
574.49	0.0683627
574.742	0.0830119
574.993	0.0781288
575.245	0.0830119
575.496	0.0878949
575.748	0.0830119
576	0.0781288
576.251	0.0878949
576.503	0.0830119
576.754	0.0878949
577.006	0.0683627
577.257	0.092778
577.509	0.102544
577.76	0.0781288
578.012	0.0781288
578.263	0.0781288
578.515	0.0732458
578.766	0.0683627
579.018	0.0732458
579.269	0.0830119
579.521	0.0781288
579.772	0.0830119
580.024	0.0781288
580.275	0.0683627
580.527	0.0830119
580.778	0.0732458
581.03	0.0634797
581.281	0.0781288
581.533	0.0683627
581.784	0.0781288
582.036	0.0830119
582.288	0.0683627
582.539	0.0781288
582.791	0.0878949
583.042	0.0878949
583.294	0.0683627
583.545	0.0732458
583.797	0.0683627
584.048	0.0732458
584.3	0.0781288
584.551	0.0781288
584.803	0.0878949
585.054	0.0781288
585.306	0.0732458
585.557	0.0781288
585.809	0.0830119
586.06	0.0781288
586.312	0.0830119
586.563	0.0732458
586.815	0.0585966
587.066	0.0683627
587.318	0.0732458
587.569	0.0830119
587.821	0.0732458
588.072	0.0781288
588.324	0.0732458
588.576	0.0732458
588.827	0.0830119
589.079	0.0781288
589.33	0.0732458
589.582	0.092778
589.833	0.0781288
590.085	0.0830119
590.336	0.0732458
590.588	0.097661
590.839	0.0781288
591.091	0.0732458
591.342	0.0781288
591.594	0.0781288
591.845	0.0634797
592.097	0.0781288
592.348	0.0732458
592.6	0.0781288
592.851	0.0830119
593.103	0.0878949
593.354	0.0781288
593.606	0.0683627
593.857	0.0732458
594.109	0.0732458
594.36	0.0683627
594.612	0.0781288
594.864	0.0683627
595.115	0.0878949
595.367	0.0683627
595.618	0.0732458
595.87	0.0830119
596.121	0.0781288
596.373	0.0830119
596.624	0.0830119
596.876	0.0732458
597.127	0.0683627
597.379	0.092778
597.63	0.0878949
597.882	0.0830119
598.133	0.0830119
598.385	0.0781288
598.636	0.0781288
598.888	0.0781288
599.139	0.0732458
599.391	0.0830119
599.642	0.0732458
599.894	0.0781288
600.145	0.0878949
600.397	0.0830119
600.648	0.0830119
600.9	0.0732458
601.152	0.0781288
601.403	0.0830119
601.655	0.0781288
601.906	0.0683627
602.158	0.0830119
602.409	0.0683627
602.661	0.0781288
602.912	0.0830119
603.164	0.0732458
603.415	0.0683627
603.667	0.0781288
603.918	0.0878949
604.17	0.0830119
604.421	0.0732458
604.673	0.0732458
604.924	0.0781288
605.176	0.0878949
605.427	0.0732458
605.679	0.0732458
605.93	0.0683627
606.182	0.0830119
606.433	0.0683627
606.685	0.0732458
606.936	0.0781288
607.188	0.0585966
607.44	0.0878949
607.691	0.0683627
607.943	0.0878949
608.194	0.0732458
608.446	0.0781288
608.697	0.0830119
608.949	0.0634797
609.2	0.0878949
609.452	0.0830119
609.703	0.0732458
609.955	0.0878949
610.206	0.0830119
610.458	0.0732458
610.709	0.0781288
610.961	0.0732458
611.212	0.0878949
611.464	0.0878949
611.715	0.0683627
611.967	0.0732458
612.218	0.0634797
612.47	0.0781288
612.721	0.0683627
612.973	0.0683627
613.224	0.0585966
613.476	0.0732458
613.728	0.0781288
613.979	0.0830119
614.231	0.0732458
614.482	0.0781288
614.734	0.0732458
614.985	0.0634797
615.237	0.0732458
615.488	0.092778
615.74	0.0585966
615.991	0.0683627
616.243	0.0830119
616.494	0.0683627
616.746	0.0634797
616.997	0.0781288
617.249	0.0683627
617.5	0.0732458
617.752	0.0537136
618.003	0.0683627
618.255	0.0634797
618.506	0.0830119
618.758	0.0878949
619.009	0.0781288
619.261	0.0683627
619.512	0.0732458
619.764	0.0878949
620.016	0.0585966
620.267	0.0634797
620.519	0.0634797
620.77	0.0781288
621.022	0.0830119
621.273	0.0781288
621.525	0.0732458
621.776	0.0585966
622.028	0.0781288
622.279	0.0732458
622.531	0.0683627
622.782	0.0830119
623.034	0.0781288
623.285	0.0781288
623.537	0.0781288
623.788	0.0781288
624.04	0.0732458
624.291	0.0732458
624.543	0.0683627
624.794	0.0683627
625.046	0.0683627
625.297	0.0830119
625.549	0.0781288
625.8	0.0830119
626.052	0.092778
626.304	0.0732458
626.555	0.0781288
626.807	0.0781288
627.058	0.0781288
627.31	0.0732458
627.561	0.0683627
627.813	0.0830119
628.064	0.0732458
628.316	0.0830119
628.567	0.0537136
628.819	0.092778
629.07	0.0781288
629.322	0.0830119
629.573	0.0781288
629.825	0.0585966
630.076	0.0683627
630.328	0.0732458
630.579	0.0878949
630.831	0.0732458
631.082	0.0634797
631.334	0.0878949
631.585	0.0781288
631.837	0.0732458
632.088	0.0830119
632.34	0.0732458
632.592	0.0732458
632.843	0.0781288
633.095	0.0683627
633.346	0.0732458
633.598	0.0585966
633.849	0.0634797
634.101	0.0683627
634.352	0.0732458
634.604	0.0830119
634.855	0.0634797
635.107	0.0683627
635.358	0.0683627
635.61	0.0683627
635.861	0.0732458
636.113	0.0634797
636.364	0.0830119
636.616	0.0830119
636.867	0.0732458
637.119	0.0634797
637.37	0.0683627
637.622	0.0732458
637.873	0.0585966
638.125	0.0585966
638.376	0.0683627
638.628	0.0732458
638.88	0.0732458
639.131	0.0683627
639.383	0.0781288
639.634	0.0781288
639.886	0.0634797
640.137	0.0683627
640.389	0.0781288
640.64	0.0830119
640.892	0.0683627
641.143	0.0585966
641.395	0.0683627
641.646	0.0781288
641.898	0.0732458
642.149	0.0781288
642.401	0.0683627
642.652	0.0585966
642.904	0.0634797
643.155	0.0732458
643.407	0.0634797
643.658	0.0781288
643.91	0.0634797
644.161	0.0781288
644.413	0.0537136
644.664	0.0732458
644.916	0.0634797
645.168	0.0683627
645.419	0.0585966
645.671	0.0634797
645.922	0.0732458
646.174	0.0634797
646.425	0.0683627
646.677	0.0634797
646.928	0.0781288
647.18	0.0683627
647.431	0.0732458
647.683	0.0683627
647.934	0.0683627
648.186	0.0732458
648.437	0.0634797
648.689	0.0634797
648.94	0.0585966
649.192	0.0634797
649.443	0.0781288
649.695	0.0634797
649.946	0.0683627
650.198	0.0781288
650.449	0.0732458
650.701	0.0683627
650.952	0.0732458
651.204	0.0683627
651.456	0.0683627
651.707	0.0634797
651.959	0.0683627
652.21	0.0683627
652.462	0.0781288
652.713	0.0634797
652.965	0.0732458
653.216	0.0781288
653.468	0.0781288
653.719	0.0537136
653.971	0.0488305
654.222	0.0732458
654.474	0.0683627
654.725	0.0634797
654.977	0.0732458
655.228	0.0634797
655.48	0.0732458
655.731	0.0634797
655.983	0.0732458
656.234	0.0781288
656.486	0.0683627
656.737	0.0732458
656.989	0.0537136
657.24	0.0585966
657.492	0.0683627
657.744	0.0634797
657.995	0.0634797
658.247	0.0732458
658.498	0.0878949
658.75	0.0585966
659.001	0.0683627
659.253	0.0781288
659.504	0.0830119
659.756	0.0732458
660.007	0.0683627
660.259	0.0781288
660.51	0.0634797
660.762	0.0830119
661.013	0.0830119
661.265	0.0683627
661.516	0.0683627
661.768	0.0683627
662.019	0.0634797
662.271	0.0781288
662.522	0.0781288
662.774	0.0732458
663.025	0.0683627
663.277	0.0683627
663.528	0.0781288
663.78	0.0585966
664.032	0.0830119
664.283	0.0781288
664.535	0.0781288
664.786	0.0732458
665.038	0.0585966
665.289	0.0634797
665.541	0.0683627
665.792	0.0683627
666.044	0.0683627
666.295	0.0439475
666.547	0.0634797
666.798	0.0585966
667.05	0.0732458
667.301	0.0732458
667.553	0.0683627
667.804	0.0634797
668.056	0.0585966
668.307	0.0830119
668.559	0.0585966
668.81	0.0781288
669.062	0.0683627
669.313	0.0634797
669.565	0.0634797
669.816	0.0488305
670.068	0.0585966
670.32	0.0781288
670.571	0.0634797
670.823	0.0634797
671.074	0.0781288
671.326	0.0683627
671.577	0.0585966
671.829	0.0781288
672.08	0.0732458
672.332	0.0634797
672.583	0.0781288
672.835	0.0634797
673.086	0.0732458
673.338	0.0585966
673.589	0.0683627
673.841	0.0634797
674.092	0.0781288
674.344	0.0732458
674.595	0.0781288
674.847	0.0732458
675.098	0.0732458
675.35	0.0585966
675.601	0.0683627
675.853	0.0683627
676.104	0.0781288
676.356	0.0634797
676.608	0.0781288
676.859	0.0585966
677.111	0.0781288
677.362	0.0781288
677.614	0.0585966
677.865	0.0634797
678.117	0.0830119
678.368	0.0781288
678.62	0.0585966
678.871	0.0732458
679.123	0.0732458
679.374	0.0634797
679.626	0.0683627
679.877	0.0781288
680.129	0.0634797
680.38	0.0634797
680.632	0.0634797
680.883	0.0683627
681.135	0.0878949
681.386	0.0732458
681.638	0.0634797
681.889	0.0878949
682.141	0.0683627
682.392	0.0585966
682.644	0.0878949
682.896	0.0683627
683.147	0.0732458
683.399	0.0781288
683.65	0.0683627
683.902	0.0634797
684.153	0.0732458
684.405	0.0781288
684.656	0.0683627
684.908	0.0683627
685.159	0.0732458
685.411	0.0732458
685.662	0.0585966
685.914	0.0537136
686.165	0.0732458
686.417	0.0683627
686.668	0.0585966
686.92	0.0683627
687.171	0.0537136
687.423	0.0634797
687.674	0.0585966
687.926	0.0585966
688.177	0.0683627
688.429	0.0781288
688.68	0.0683627
688.932	0.0732458
689.184	0.0878949
689.435	0.0537136
689.687	0.0585966
689.938	0.0537136
690.19	0.0634797
690.441	0.0634797
690.693	0.0634797
690.944	0.0683627
691.196	0.0732458
691.447	0.0683627
691.699	0.0634797
691.95	0.0683627
692.202	0.0683627
692.453	0.0537136
692.705	0.0634797
692.956	0.0683627
693.208	0.0732458
693.459	0.0634797
693.711	0.0634797
693.962	0.0683627
694.214	0.0634797
694.465	0.0683627
694.717	0.0683627
694.968	0.0683627
695.22	0.0585966
695.472	0.0683627
695.723	0.0732458
695.975	0.0683627
696.226	0.0634797
696.478	0.0781288
696.729	0.0683627
696.981	0.0585966
697.232	0.0683627
697.484	0.0781288
697.735	0.0634797
697.987	0.0634797
698.238	0.0634797
698.49	0.0683627
698.741	0.0585966
698.993	0.0683627
699.244	0.0585966
699.496	0.0634797
699.747	0.0732458
699.999	0.0732458
700.25	0.0634797
700.502	0.0585966
700.753	0.0634797
701.005	0.0634797
701.256	0.0390644
701.508	0.0585966
701.76	0.0683627
702.011	0.0683627
702.263	0.0634797
702.514	0.0634797
702.766	0.0683627
703.017	0.0585966
703.269	0.0585966
703.52	0.0585966
703.772	0.0585966
704.023	0.0585966
704.275	0.0732458
704.526	0.0732458
704.778	0.0585966
705.029	0.0732458
705.281	0.0537136
705.532	0.0634797
705.784	0.0585966
706.035	0.0488305
706.287	0.0683627
706.538	0.0585966
706.79	0.0634797
707.041	0.0634797
707.293	0.0634797
707.544	0.0634797
707.796	0.0634797
708.048	0.0732458
708.299	0.0634797
708.551	0.0732458
708.802	0.0683627
709.054	0.0781288
709.305	0.0683627
709.557	0.0537136
709.808	0.0781288
710.06	0.0683627
710.311	0.0634797
710.563	0.0683627
710.814	0.0781288
711.066	0.0732458
711.317	0.0585966
711.569	0.0537136
711.82	0.0683627
712.072	0.0585966
712.323	0.0634797
712.575	0.0732458
712.826	0.0585966
713.078	0.0683627
713.329	0.0781288
713.581	0.0830119
713.832	0.0537136
714.084	0.0732458
714.336	0.0634797
714.587	0.0634797
714.839	0.0732458
715.09	0.0634797
715.342	0.0781288
715.593	0.0830119
715.845	0.0732458
716.096	0.0488305
716.348	0.0683627
716.599	0.0683627
716.851	0.0683627
717.102	0.0732458
717.354	0.0634797
717.605	0.0634797
717.857	0.0683627
718.108	0.0537136
718.36	0.0585966
718.611	0.0683627
718.863	0.0634797
719.114	0.0537136
719.366	0.0781288
719.617	0.0634797
719.869	0.0781288
720.12	0.0683627
720.372	0.0683627
720.624	0.0683627
720.875	0.0683627
721.127	0.0537136
721.378	0.0683627
721.63	0.0537136
721.881	0.0488305
722.133	0.0634797
722.384	0.0634797
722.636	0.0683627
722.887	0.092778
723.139	0.0683627
723.39	0.0585966
723.642	0.0585966
723.893	0.0683627
724.145	0.0781288
724.396	0.0537136
724.648	0.0585966
724.899	0.0683627
725.151	0.0683627
725.402	0.0683627
725.654	0.0732458
725.905	0.0683627
726.157	0.0634797
726.408	0.0634797
726.66	0.0634797
726.912	0.0488305
727.163	0.0732458
727.415	0.0585966
727.666	0.0634797
727.918	0.0537136
728.169	0.0634797
728.421	0.0732458
728.672	0.0683627
728.924	0.0537136
729.175	0.0634797
729.427	0.0537136
729.678	0.0781288
729.93	0.0683627
730.181	0.0585966
730.433	0.0634797
730.684	0.0488305
730.936	0.0732458
731.187	0.0585966
731.439	0.0537136
731.69	0.0732458
731.942	0.0683627
732.193	0.0585966
732.445	0.0634797
732.696	0.0683627
732.948	0.0585966
733.2	0.0683627
733.451	0.0585966
733.703	0.0683627
733.954	0.0488305
734.206	0.0781288
734.457	0.0732458
734.709	0.0537136
734.96	0.0585966
735.212	0.0634797
735.463	0.0634797
735.715	0.0585966
735.966	0.0732458
736.218	0.0683627
736.469	0.0537136
736.721	0.0537136
736.972	0.0537136
737.224	0.0732458
737.475	0.0732458
737.727	0.0585966
737.978	0.0634797
738.23	0.0537136
738.481	0.0683627
738.733	0.0634797
738.984	0.0488305
739.236	0.0585966
739.488	0.0537136
739.739	0.0634797
739.991	0.0634797
740.242	0.0683627
740.494	0.0585966
740.745	0.0585966
740.997	0.0634797
741.248	0.0537136
741.5	0.0683627
741.751	0.0585966
742.003	0.0634797
742.254	0.0585966
742.506	0.0488305
742.757	0.0732458
743.009	0.0634797
743.26	0.0732458
743.512	0.0537136
743.763	0.0634797
744.015	0.0634797
744.266	0.0732458
744.518	0.0732458
744.769	0.0634797
745.021	0.0537136
745.272	0.0585966
745.524	0.0585966
745.776	0.0732458
746.027	0.0585966
746.279	0.0537136
746.53	0.0634797
746.782	0.0683627
747.033	0.0634797
747.285	0.0585966
747.536	0.0683627
747.788	0.0634797
748.039	0.0732458
748.291	0.0732458
748.542	0.0634797
748.794	0.0634797
749.045	0.0537136
749.297	0.0537136
749.548	0.0585966
749.8	0.0585966
750.051	0.0537136
750.303	0.0683627
750.554	0.0488305
750.806	0.0683627
751.057	0.0585966
751.309	0.0585966
751.56	0.0537136
751.812	0.0585966
752.064	0.0537136
752.315	0.0634797
752.567	0.0488305
752.818	0.0683627
753.07	0.0585966
753.321	0.0585966
753.573	0.0488305
753.824	0.0537136
754.076	0.0683627
754.327	0.0683627
754.579	0.0634797
