------------------------
Pulse Separ.  : 0.100 ms
Data Points   : 3000
Dummy Echoes  : 0
Expon. Order  : 1
Modifications : 0
Storing Data  : 0
------------------------



------------------------
SampleId: '2'
------------------------
Amplitude  :   76.704  %
         +/-    0.009  %
T2         :    59.27 ms
         +/-     0.01 ms
Offset     :    0.177  %
         +/-    0.001  %
------------------------

Bruker BioSpin GmbH: the minispec
DataType=1
DataLimits=0.27064,755.299,3000
DataUnit=ms,%
c:\users\bruker\documents\joao_ambrozetto\cpmg-amostrah\amostrah_cpmg.app
27.06.2019 18:05:33

0.27064	78.4316
0.5224	77.2694
0.77416	77.1571
1.02592	76.1854
1.27768	76.1658
1.52944	75.2088
1.7812	75.2918
2.03296	74.364
2.28472	74.5056
2.53648	73.5973
2.78824	73.7341
3.04	72.8747
3.29176	73.0553
3.54352	72.2106
3.79528	72.3961
4.04704	71.5465
4.2988	71.7516
4.55056	70.9019
4.80232	71.0923
5.05408	70.3062
5.30584	70.4868
5.5576	69.7153
5.80936	69.8423
6.06112	69.1245
6.31288	69.2368
6.56464	68.5678
6.8164	68.6508
7.06816	68.0014
7.31992	68.0404
7.57168	67.4398
7.82344	67.4691
8.0752	66.9124
8.32696	66.8831
8.57872	66.3704
8.83048	66.2972
9.08224	65.8431
9.334	65.7161
9.58576	65.2962
9.83752	65.1643
10.0893	64.7834
10.341	64.5979
10.5928	64.2463
10.8446	64.0314
11.0963	63.7385
11.3481	63.4406
11.5998	63.2257
11.8516	62.9083
12.1034	62.6886
12.3551	62.3663
12.6069	62.1759
12.8586	61.8292
13.1104	61.6436
13.3622	61.2921
13.6139	61.1651
13.8657	60.7549
14.1174	60.6719
14.3692	60.208
14.621	60.1738
14.8727	59.6514
15.1245	59.6416
15.3762	59.1582
15.628	59.1533
15.8798	58.6503
16.1315	58.6552
16.3833	58.1523
16.635	58.1669
16.8868	57.6298
17.1386	57.6639
17.3903	57.117
17.6421	57.1708
17.8938	56.6239
18.1456	56.7118
18.3974	56.1746
18.6491	56.2137
18.9009	55.6668
19.1526	55.7303
19.4044	55.1882
19.6562	55.2761
19.9079	54.739
20.1597	54.7927
20.4114	54.2849
20.6632	54.3239
20.915	53.8405
21.1667	53.8747
21.4185	53.3815
21.6702	53.3864
21.922	52.9323
22.1738	52.9469
22.4255	52.5123
22.6773	52.4879
22.929	52.0826
23.1808	52.0338
23.4326	51.6676
23.6843	51.609
23.9361	51.1939
24.1878	51.1695
24.4396	50.8033
24.6914	50.7007
24.9431	50.398
25.1949	50.2808
25.4466	50.0024
25.6984	49.8315
25.9502	49.5825
26.2019	49.4116
26.4537	49.1674
26.7054	49.0014
26.9572	48.7817
27.209	48.5864
27.4607	48.3764
27.7125	48.1615
27.9642	48.0004
28.216	47.7367
28.4678	47.5951
28.7195	47.3412
28.9713	47.2191
29.223	46.9359
29.4748	46.8089
29.7266	46.5355
29.9783	46.4183
30.2301	46.1155
30.4818	46.0179
30.7336	45.7005
30.9854	45.6321
31.2371	45.3147
31.4889	45.2659
31.7406	44.929
31.9924	44.8752
32.2442	44.5481
32.4959	44.4846
32.7477	44.177
32.9994	44.1232
33.2512	43.7912
33.503	43.7619
33.7547	43.425
34.0065	43.4152
34.2582	43.0734
34.51	43.0343
34.7618	42.673
35.0135	42.6779
35.2653	42.3214
35.517	42.3068
35.7688	41.9649
36.0206	41.9601
36.2723	41.6329
36.5241	41.5938
36.7758	41.3008
37.0276	41.2374
37.2794	40.9493
37.5311	40.876
37.7829	40.6026
38.0346	40.5586
38.2864	40.2656
38.5382	40.2217
38.7899	39.9092
39.0417	39.8603
39.2934	39.5625
39.5452	39.5039
39.797	39.2744
40.0487	39.1718
40.3005	38.9667
40.5522	38.8496
40.804	38.6249
41.0558	38.5126
41.3075	38.3027
41.5593	38.1903
41.811	38.0048
42.0628	37.8681
42.3146	37.6776
42.5663	37.5409
42.8181	37.3651
43.0698	37.204
43.3216	37.0526
43.5734	36.8866
43.8251	36.7401
44.0769	36.5692
44.3286	36.452
44.5804	36.2664
44.8322	36.1492
45.0839	35.9539
45.3357	35.8611
45.5874	35.6609
45.8392	35.5584
46.091	35.3582
46.3427	35.2459
46.5945	35.0212
46.8462	34.9675
47.098	34.7478
47.3498	34.6794
47.6015	34.4548
47.8533	34.3767
48.105	34.1618
48.3568	34.0886
48.6086	33.8786
48.8603	33.82
49.1121	33.5856
49.3638	33.5173
49.6156	33.3171
49.8674	33.2438
50.1191	33.0436
50.3709	32.9508
50.6226	32.7702
50.8744	32.6774
51.1262	32.4723
51.3779	32.3942
51.6297	32.2086
51.8814	32.1158
52.1332	31.9352
52.385	31.8619
52.6367	31.6715
52.8885	31.5836
53.1402	31.4078
53.392	31.3004
53.6438	31.1539
53.8955	31.066
54.1473	30.8804
54.399	30.8218
54.6508	30.6216
54.9026	30.5484
55.1543	30.3726
55.4061	30.2749
55.6578	30.1235
55.9096	30.021
56.1614	29.8696
56.4131	29.7817
56.6649	29.6401
56.9166	29.5376
57.1684	29.3569
57.4202	29.2837
57.6719	29.1616
57.9237	29.0639
58.1754	28.893
58.4272	28.7905
58.679	28.6489
58.9307	28.5268
59.1825	28.4242
59.4342	28.2973
59.686	28.1703
59.9378	28.0873
60.1895	27.9457
60.4413	27.8041
60.693	27.7064
60.9448	27.5746
61.1966	27.4965
61.4483	27.3695
61.7001	27.2767
61.9518	27.1302
62.2036	27.0082
62.4554	26.9007
62.7071	26.7982
62.9589	26.6566
63.2106	26.5784
63.4624	26.4466
63.7142	26.3636
63.9659	26.2415
64.2177	26.1097
64.4694	25.9974
64.7212	25.9095
64.973	25.7727
65.2247	25.7044
65.4765	25.5432
65.7282	25.4993
65.98	25.3528
66.2318	25.2747
66.4835	25.1379
66.7353	25.0647
66.987	24.9377
67.2388	24.8498
67.4906	24.6985
67.7423	24.6448
67.9941	24.5178
68.2458	24.4348
68.4976	24.3127
68.7494	24.2248
69.0011	24.093
69.2529	24.0295
69.5046	23.8732
69.7564	23.8293
70.0082	23.7072
70.2599	23.6242
70.5117	23.5119
70.7634	23.4191
71.0152	23.3166
71.267	23.2287
71.5187	23.131
71.7705	23.0236
72.0222	22.9357
72.274	22.8283
72.5258	22.7355
72.7775	22.6574
73.0293	22.5548
73.281	22.462
73.5328	22.3595
73.7846	22.2911
74.0363	22.1788
74.2881	22.0812
74.5398	22.0177
74.7916	21.881
75.0434	21.8028
75.2951	21.7247
75.5469	21.6368
75.7986	21.5391
76.0504	21.4464
76.3022	21.3487
76.5539	21.2657
76.8057	21.168
77.0574	21.0899
77.3092	21.0167
77.561	20.919
77.8127	20.836
78.0645	20.7334
78.3162	20.6455
78.568	20.5479
78.8198	20.4649
79.0715	20.3672
79.3233	20.3135
79.575	20.2109
79.8268	20.1475
80.0786	20.0449
80.3303	19.9717
80.5821	19.874
80.8338	19.791
81.0856	19.7275
81.3374	19.6201
81.5891	19.5566
81.8409	19.459
82.0926	19.3906
82.3444	19.2881
82.5962	19.2197
82.8479	19.1416
83.0997	19.083
83.3514	18.9707
83.6032	18.9414
83.855	18.8388
84.1067	18.746
84.3585	18.6533
84.6102	18.5947
84.862	18.5068
85.1138	18.4384
85.3655	18.3456
85.6173	18.2773
85.869	18.1942
86.1208	18.121
86.3726	18.0575
86.6243	17.9892
86.8761	17.8915
87.1278	17.8573
87.3796	17.7548
87.6314	17.6766
87.8831	17.6034
88.1349	17.5106
88.3866	17.452
88.6384	17.3885
88.8902	17.3202
89.1419	17.2567
89.3937	17.1639
89.6454	17.1004
89.8972	17.0174
90.149	16.9686
90.4007	16.8905
90.6525	16.8123
90.9042	16.7391
91.156	16.6805
91.4078	16.5926
91.6595	16.5145
91.9113	16.4461
92.163	16.3875
92.4148	16.3436
92.6666	16.2606
92.9183	16.1824
93.1701	16.1141
93.4218	16.0408
93.6736	15.9969
93.9254	15.9236
94.1771	15.8406
94.4289	15.782
94.6806	15.7381
94.9324	15.6551
95.1842	15.6062
95.4359	15.5281
95.6877	15.4549
95.9394	15.3963
96.1912	15.3425
96.443	15.2791
96.6947	15.2058
96.9465	15.1228
97.1982	15.0984
97.45	15.03
97.7018	14.947
97.9535	14.9031
98.2053	14.8445
98.457	14.7615
98.7088	14.698
98.9606	14.654
99.2123	14.5661
99.4641	14.5075
99.7158	14.4587
99.9676	14.405
100.219	14.3513
100.471	14.2683
100.723	14.2243
100.975	14.1608
101.226	14.0925
101.478	14.0339
101.73	13.9802
101.982	13.9265
102.233	13.8727
102.485	13.8288
102.737	13.7507
102.989	13.6921
103.24	13.6188
103.492	13.5944
103.744	13.5212
103.996	13.4772
104.248	13.4186
104.499	13.3551
104.751	13.3014
105.003	13.2282
105.255	13.1891
105.506	13.1159
105.758	13.067
106.01	13.0377
106.262	12.9596
106.513	12.9303
106.765	12.862
107.017	12.8034
107.269	12.7594
107.52	12.7057
107.772	12.6422
108.024	12.5983
108.276	12.5348
108.527	12.4762
108.779	12.4274
109.031	12.3932
109.283	12.2955
109.534	12.2809
109.786	12.2369
110.038	12.1783
110.29	12.1148
110.542	12.0856
110.793	12.0416
111.045	11.9586
111.297	11.9244
111.549	11.8902
111.8	11.8463
112.052	11.7779
112.304	11.7291
112.556	11.7096
112.807	11.6314
113.059	11.5826
113.311	11.5338
113.563	11.5142
113.814	11.4556
114.066	11.3824
114.318	11.3433
114.57	11.2896
114.821	11.2408
115.073	11.2017
115.325	11.1529
115.577	11.1187
115.828	11.0699
116.08	11.021
116.332	10.9527
116.584	10.9234
116.836	10.8794
117.087	10.8306
117.339	10.8111
117.591	10.7525
117.843	10.7134
118.094	10.6597
118.346	10.6206
118.598	10.5816
118.85	10.5425
119.101	10.4986
119.353	10.4497
119.605	10.4155
119.857	10.357
120.108	10.313
120.36	10.2691
120.612	10.2251
120.864	10.1958
121.115	10.1274
121.367	10.1128
121.619	10.064
121.871	10.0396
122.122	9.98584
122.374	9.94189
122.626	9.88818
122.878	9.83446
123.13	9.81005
123.381	9.78075
123.633	9.75145
123.885	9.70262
124.137	9.65867
124.388	9.61961
124.64	9.57078
124.892	9.51218
125.144	9.48777
125.395	9.45847
125.647	9.41941
125.899	9.38522
126.151	9.34128
126.402	9.32663
126.654	9.2778
126.906	9.22408
127.158	9.19478
127.409	9.14595
127.661	9.11666
127.913	9.07271
128.165	9.03853
128.416	8.99458
128.668	8.94087
128.92	8.92622
129.172	8.88715
129.424	8.85785
129.675	8.80414
129.927	8.78949
130.179	8.7309
130.431	8.70648
130.682	8.68206
130.934	8.643
131.186	8.58929
131.438	8.54534
131.689	8.52092
131.941	8.50627
132.193	8.45256
132.445	8.41838
132.696	8.36467
132.948	8.34513
133.2	8.29142
133.452	8.27189
133.703	8.25724
133.955	8.23771
134.207	8.19376
134.459	8.16446
134.71	8.12051
134.962	8.0961
135.214	8.05215
135.466	7.99844
135.718	7.97891
135.969	7.94961
136.221	7.92031
136.473	7.87636
136.725	7.83241
136.976	7.84706
137.228	7.7787
137.48	7.75917
137.732	7.70057
137.983	7.71034
138.235	7.67127
138.487	7.62733
138.739	7.59803
138.99	7.57361
139.242	7.51502
139.494	7.49548
139.746	7.4613
139.997	7.42712
140.249	7.39782
140.501	7.37829
140.753	7.35387
141.004	7.33923
141.256	7.2904
141.508	7.25133
141.76	7.23668
142.012	7.1732
142.263	7.16344
142.515	7.14879
142.767	7.10972
143.019	7.09019
143.27	7.08531
143.522	7.03648
143.774	6.99253
144.026	6.95835
144.277	6.90463
144.529	6.91928
144.781	6.85092
145.033	6.84115
145.284	6.82651
145.536	6.79232
145.788	6.77279
146.04	6.74349
146.291	6.70931
146.543	6.67513
146.795	6.66536
147.047	6.63118
147.298	6.60188
147.55	6.57747
147.802	6.53841
148.054	6.51887
148.306	6.49446
148.557	6.47981
148.809	6.42121
149.061	6.40168
149.313	6.37238
149.564	6.3675
149.816	6.31378
150.068	6.31378
150.32	6.26007
150.571	6.25519
150.823	6.21612
151.075	6.20147
151.327	6.18194
151.578	6.14776
151.83	6.12823
152.082	6.11846
152.334	6.09893
152.585	6.04033
152.837	6.04033
153.089	5.99639
153.341	5.98174
153.592	5.94267
153.844	5.93779
154.096	5.89873
154.348	5.88408
154.6	5.86943
154.851	5.84013
155.103	5.83525
155.355	5.7913
155.607	5.76688
155.858	5.74247
156.11	5.72782
156.362	5.69364
156.614	5.68387
156.865	5.65946
157.117	5.61063
157.369	5.60574
157.621	5.57644
157.872	5.53738
158.124	5.53738
158.376	5.52761
158.628	5.5032
158.879	5.45437
159.131	5.4446
159.383	5.42019
159.635	5.39577
159.886	5.35671
160.138	5.35671
160.39	5.34206
160.642	5.31276
160.894	5.29323
161.145	5.27858
161.397	5.2444
161.649	5.22975
161.901	5.21022
162.152	5.16627
162.404	5.15162
162.656	5.14185
162.908	5.13697
163.159	5.11744
163.411	5.08326
163.663	5.05396
163.915	5.02954
164.166	5.01978
164.418	4.99048
164.67	4.97583
164.922	4.95141
165.173	4.93188
165.425	4.90747
165.677	4.8977
165.929	4.88793
166.18	4.84399
166.432	4.82934
166.684	4.81957
166.936	4.79516
167.188	4.78051
167.439	4.75609
167.691	4.73168
167.943	4.73168
168.195	4.72191
168.446	4.69749
168.698	4.64866
168.95	4.64866
169.202	4.61937
169.453	4.60472
169.705	4.59983
169.957	4.5803
170.209	4.52659
170.46	4.52171
170.712	4.51194
170.964	4.49729
171.216	4.48264
171.467	4.47287
171.719	4.44846
171.971	4.41916
172.223	4.41916
172.474	4.39963
172.726	4.37521
172.978	4.35568
173.23	4.3215
173.482	4.31173
173.733	4.31662
173.985	4.28244
174.237	4.2629
174.489	4.23361
174.74	4.22872
174.992	4.21407
175.244	4.19942
175.496	4.17501
175.747	4.16524
175.999	4.15548
176.251	4.12129
176.503	4.08711
176.754	4.09688
177.006	4.0627
177.258	4.07246
177.51	4.0334
177.761	4.02852
178.013	4.0041
178.265	4.0041
178.517	3.99434
178.768	3.96015
179.02	3.94551
179.272	3.91621
179.524	3.92109
179.776	3.90644
180.027	3.87226
180.279	3.88203
180.531	3.86738
180.783	3.82343
181.034	3.82343
181.286	3.79413
181.538	3.78925
181.79	3.79413
182.041	3.75995
182.293	3.7453
182.545	3.73553
182.797	3.716
183.048	3.71112
183.3	3.69647
183.552	3.65741
183.804	3.66229
184.055	3.65741
184.307	3.63787
184.559	3.61834
184.811	3.60857
185.062	3.59393
185.314	3.56463
185.566	3.55486
185.818	3.54509
186.07	3.53045
186.321	3.50115
186.573	3.49626
186.825	3.48162
187.077	3.47673
187.328	3.44743
187.58	3.46208
187.832	3.44255
188.084	3.42302
188.335	3.40349
188.587	3.3986
188.839	3.38884
189.091	3.35954
189.342	3.34977
189.594	3.35466
189.846	3.31559
190.098	3.32536
190.349	3.29606
190.601	3.27164
190.853	3.27653
191.105	3.24723
191.356	3.24723
191.608	3.24723
191.86	3.21793
192.112	3.22281
192.364	3.20816
192.615	3.19352
192.867	3.17398
193.119	3.15445
193.371	3.13004
193.622	3.11539
193.874	3.13004
194.126	3.13492
194.378	3.09097
194.629	3.08609
194.881	3.09097
195.133	3.06167
195.385	3.06167
195.636	3.03237
195.888	3.02749
196.14	3.01773
196.392	3.01284
196.643	2.96889
196.895	2.95425
197.147	2.96401
197.399	2.96889
197.65	2.96889
197.902	2.92006
198.154	2.92495
198.406	2.90542
198.658	2.9103
198.909	2.86635
199.161	2.87123
199.413	2.8517
199.665	2.84194
199.916	2.84194
200.168	2.84194
200.42	2.81752
200.672	2.81264
200.923	2.77357
201.175	2.78334
201.427	2.76381
201.679	2.74427
201.93	2.74916
202.182	2.74427
202.434	2.72963
202.686	2.70521
202.937	2.71498
203.189	2.69544
203.441	2.66615
203.693	2.66615
203.944	2.65638
204.196	2.66126
204.448	2.63196
204.7	2.65638
204.952	2.64173
205.203	2.61243
205.455	2.60755
205.707	2.61732
205.959	2.55872
206.21	2.59778
206.462	2.5636
206.714	2.56848
206.966	2.54407
207.217	2.54895
207.469	2.50989
207.721	2.52454
207.973	2.50989
208.224	2.50989
208.476	2.50501
208.728	2.47571
208.98	2.48547
209.231	2.47082
209.483	2.44641
209.735	2.44153
209.987	2.44153
210.238	2.43664
210.49	2.41223
210.742	2.41223
210.994	2.38293
211.246	2.38781
211.497	2.38781
211.749	2.36828
212.001	2.34875
212.253	2.3341
212.504	2.33898
212.756	2.34386
213.008	2.33898
213.26	2.31945
213.511	2.3048
213.763	2.29015
214.015	2.28038
214.267	2.26574
214.518	2.27062
214.77	2.27062
215.022	2.25597
215.274	2.23644
215.525	2.22179
215.777	2.22179
216.029	2.22667
216.281	2.20714
216.532	2.17784
216.784	2.17296
217.036	2.18761
217.288	2.17296
217.54	2.16807
217.791	2.15831
218.043	2.12901
218.295	2.15831
218.547	2.11924
218.798	2.10459
219.05	2.12901
219.302	2.11924
219.554	2.11924
219.805	2.05088
220.057	2.0753
220.309	2.08018
220.561	2.07041
220.812	2.0753
221.064	2.05088
221.316	2.03623
221.568	2.046
221.819	2.03135
222.071	2.05088
222.323	2.0167
222.575	2.00693
222.826	1.98252
223.078	1.9581
223.33	1.98252
223.582	1.95322
223.834	1.9874
224.085	1.93369
224.337	1.94345
224.589	1.95322
224.841	1.94345
225.092	1.92881
225.344	1.91904
225.596	1.92392
225.848	1.92392
226.099	1.90439
226.351	1.87997
226.603	1.87997
226.855	1.86533
227.106	1.87509
227.358	1.86533
227.61	1.85556
227.862	1.86044
228.113	1.85068
228.365	1.84579
228.617	1.83603
228.869	1.79696
229.12	1.81161
229.372	1.79208
229.624	1.80673
229.876	1.77743
230.128	1.79208
230.379	1.80673
230.631	1.77743
230.883	1.77255
231.135	1.77743
231.386	1.74325
231.638	1.74813
231.89	1.76766
232.142	1.73348
232.393	1.73348
232.645	1.72372
232.897	1.73837
233.149	1.70907
233.4	1.71883
233.652	1.68954
233.904	1.69442
234.156	1.68954
234.407	1.67489
234.659	1.66512
234.911	1.67489
235.163	1.66024
235.414	1.67
235.666	1.63582
235.918	1.65047
236.17	1.63094
236.422	1.62117
236.673	1.64071
236.925	1.61629
237.177	1.63094
237.429	1.62117
237.68	1.61141
237.932	1.59187
238.184	1.61629
238.436	1.58699
238.687	1.59676
238.939	1.55281
239.191	1.55769
239.443	1.56258
239.694	1.55281
239.946	1.54304
240.198	1.52351
240.45	1.53816
240.701	1.53816
240.953	1.52839
241.205	1.53328
241.457	1.52351
241.708	1.53328
241.96	1.4991
242.212	1.48445
242.464	1.49421
242.716	1.45027
242.967	1.45515
243.219	1.47956
243.471	1.46492
243.723	1.46003
243.974	1.46492
244.226	1.44538
244.478	1.45515
244.73	1.45027
244.981	1.44538
245.233	1.46003
245.485	1.43073
245.737	1.43562
245.988	1.42097
246.24	1.42097
246.492	1.39655
246.744	1.4112
246.995	1.39655
247.247	1.39167
247.499	1.3819
247.751	1.37702
248.002	1.36237
248.254	1.38679
248.506	1.35749
248.758	1.36725
249.01	1.35749
249.261	1.33796
249.513	1.34772
249.765	1.34284
250.017	1.32331
250.268	1.33796
250.52	1.30866
250.772	1.34284
251.024	1.31842
251.275	1.30866
251.527	1.29889
251.779	1.30866
252.031	1.27448
252.282	1.29889
252.534	1.29889
252.786	1.28913
253.038	1.28913
253.289	1.28424
253.541	1.25983
253.793	1.26471
254.045	1.26959
254.296	1.25983
254.548	1.23053
254.8	1.25494
255.052	1.23053
255.304	1.24518
255.555	1.23541
255.807	1.24518
256.059	1.22076
256.311	1.22076
256.562	1.23541
256.814	1.22565
257.066	1.21588
257.318	1.20611
257.569	1.19146
257.821	1.22076
258.073	1.211
258.325	1.18658
258.576	1.211
258.828	1.17193
259.08	1.16217
259.332	1.15728
259.583	1.16217
259.835	1.17193
260.087	1.14263
260.339	1.14263
260.59	1.14263
260.842	1.13287
261.094	1.14752
261.346	1.14263
261.598	1.13775
261.849	1.1231
262.101	1.13775
262.353	1.1231
262.605	1.09869
262.856	1.11334
263.108	1.09869
263.36	1.10845
263.612	1.10357
263.863	1.10357
264.115	1.08892
264.367	1.07427
264.619	1.10357
264.87	1.08892
265.122	1.08404
265.374	1.06939
265.626	1.05962
265.877	1.06939
266.129	1.06939
266.381	1.05474
266.633	1.06939
266.884	1.05962
267.136	1.04497
267.388	1.05962
267.64	1.05474
267.892	1.04009
268.143	1.04497
268.395	1.03521
268.647	1.00591
268.899	1.01567
269.15	1.02056
269.402	1.02544
269.654	1.01567
269.906	1.03521
270.157	1.02544
270.409	0.991259
270.661	1.03032
270.913	0.981493
271.164	0.991259
271.416	0.97661
271.668	0.991259
271.92	0.981493
272.171	0.991259
272.423	0.97661
272.675	0.97661
272.927	0.957078
273.178	0.961961
273.43	0.97661
273.682	0.942429
273.934	0.966844
274.186	0.957078
274.437	0.966844
274.689	0.971727
274.941	0.952195
275.193	0.92778
275.444	0.937546
275.696	0.937546
275.948	0.932663
276.2	0.952195
276.451	0.92778
276.703	0.932663
276.955	0.92778
277.207	0.918014
277.458	0.92778
277.71	0.913131
277.962	0.908247
278.214	0.903364
278.465	0.903364
278.717	0.903364
278.969	0.893598
279.221	0.888715
279.472	0.883832
279.724	0.874066
279.976	0.878949
280.228	0.854534
280.48	0.854534
280.731	0.878949
280.983	0.883832
281.235	0.883832
281.487	0.874066
281.738	0.844768
281.99	0.869183
282.242	0.878949
282.494	0.849651
282.745	0.835002
282.997	0.849651
283.249	0.844768
283.501	0.844768
283.752	0.839885
284.004	0.844768
284.256	0.839885
284.508	0.835002
284.759	0.820353
285.011	0.849651
285.263	0.820353
285.515	0.81547
285.766	0.820353
286.018	0.805703
286.27	0.805703
286.522	0.830119
286.774	0.786171
287.025	0.810586
287.277	0.81547
287.529	0.820353
287.781	0.786171
288.032	0.805703
288.284	0.781288
288.536	0.81547
288.788	0.771522
289.039	0.766639
289.291	0.766639
289.543	0.781288
289.795	0.781288
290.046	0.781288
290.298	0.776405
290.55	0.786171
290.802	0.771522
291.053	0.761756
291.305	0.771522
291.557	0.776405
291.809	0.742224
292.06	0.75199
292.312	0.747107
292.564	0.737341
292.816	0.761756
293.068	0.756873
293.319	0.727575
293.571	0.737341
293.823	0.747107
294.075	0.727575
294.326	0.722692
294.578	0.75199
294.83	0.732458
295.082	0.727575
295.333	0.717808
295.585	0.727575
295.837	0.708042
296.089	0.737341
296.34	0.717808
296.592	0.712925
296.844	0.68851
297.096	0.703159
297.347	0.703159
297.599	0.698276
297.851	0.698276
298.103	0.698276
298.354	0.693393
298.606	0.717808
298.858	0.693393
299.11	0.683627
299.362	0.717808
299.613	0.698276
299.865	0.698276
300.117	0.68851
300.369	0.673861
300.62	0.678744
300.872	0.654329
301.124	0.668978
301.376	0.693393
301.627	0.683627
301.879	0.654329
302.131	0.698276
302.383	0.644563
302.634	0.654329
302.886	0.664095
303.138	0.649446
303.39	0.664095
303.641	0.63968
303.893	0.659212
304.145	0.63968
304.397	0.634797
304.648	0.654329
304.9	0.659212
305.152	0.634797
305.404	0.629914
305.656	0.629914
305.907	0.629914
306.159	0.649446
306.411	0.620147
306.663	0.629914
306.914	0.634797
307.166	0.625031
307.418	0.629914
307.67	0.634797
307.921	0.620147
308.173	0.610381
308.425	0.629914
308.677	0.615264
308.928	0.595732
309.18	0.629914
309.432	0.615264
309.684	0.620147
309.935	0.600615
310.187	0.600615
310.439	0.605498
310.691	0.620147
310.942	0.625031
311.194	0.600615
311.446	0.605498
311.698	0.605498
311.95	0.600615
312.201	0.590849
312.453	0.595732
312.705	0.5762
312.957	0.590849
313.208	0.581083
313.46	0.571317
313.712	0.581083
313.964	0.5762
314.215	0.571317
314.467	0.5762
314.719	0.590849
314.971	0.581083
315.222	0.551785
315.474	0.5762
315.726	0.585966
315.978	0.566434
316.229	0.5762
316.481	0.566434
316.733	0.551785
316.985	0.566434
317.236	0.556668
317.488	0.556668
317.74	0.556668
317.992	0.542019
318.244	0.551785
318.495	0.561551
318.747	0.566434
318.999	0.551785
319.251	0.556668
319.502	0.542019
319.754	0.537136
320.006	0.551785
320.258	0.556668
320.509	0.551785
320.761	0.546902
321.013	0.542019
321.265	0.52737
321.516	0.551785
321.768	0.537136
322.02	0.537136
322.272	0.542019
322.523	0.52737
322.775	0.51272
323.027	0.522486
323.279	0.522486
323.53	0.52737
323.782	0.532253
324.034	0.522486
324.286	0.51272
324.538	0.522486
324.789	0.51272
325.041	0.51272
325.293	0.51272
325.545	0.502954
325.796	0.502954
326.048	0.507837
326.3	0.51272
326.552	0.498071
326.803	0.498071
327.055	0.498071
327.307	0.507837
327.559	0.522486
327.81	0.488305
328.062	0.493188
328.314	0.498071
328.566	0.493188
328.817	0.478539
329.069	0.498071
329.321	0.493188
329.573	0.498071
329.824	0.488305
330.076	0.493188
330.328	0.502954
330.58	0.498071
330.832	0.488305
331.083	0.502954
331.335	0.473656
331.587	0.473656
331.839	0.488305
332.09	0.473656
332.342	0.502954
332.594	0.493188
332.846	0.478539
333.097	0.483422
333.349	0.459007
333.601	0.46389
333.853	0.468773
334.104	0.473656
334.356	0.46389
334.608	0.478539
334.86	0.478539
335.111	0.459007
335.363	0.473656
335.615	0.46389
335.867	0.483422
336.118	0.46389
336.37	0.473656
336.622	0.46389
336.874	0.459007
337.126	0.444358
337.377	0.439475
337.629	0.449241
337.881	0.449241
338.133	0.454124
338.384	0.419942
338.636	0.439475
338.888	0.444358
339.14	0.449241
339.391	0.444358
339.643	0.429708
339.895	0.454124
340.147	0.434592
340.398	0.429708
340.65	0.444358
340.902	0.424825
341.154	0.444358
341.405	0.444358
341.657	0.444358
341.909	0.434592
342.161	0.434592
342.412	0.434592
342.664	0.429708
342.916	0.419942
343.168	0.419942
343.42	0.449241
343.671	0.444358
343.923	0.419942
344.175	0.419942
344.427	0.410176
344.678	0.424825
344.93	0.424825
345.182	0.434592
345.434	0.405293
345.685	0.434592
345.937	0.415059
346.189	0.40041
346.441	0.410176
346.692	0.415059
346.944	0.419942
347.196	0.395527
347.448	0.410176
347.699	0.40041
347.951	0.40041
348.203	0.40041
348.455	0.390644
348.706	0.40041
348.958	0.395527
349.21	0.385761
349.462	0.405293
349.714	0.395527
349.965	0.410176
350.217	0.419942
350.469	0.395527
350.721	0.40041
350.972	0.390644
351.224	0.390644
351.476	0.410176
351.728	0.395527
351.979	0.375995
352.231	0.395527
352.483	0.390644
352.735	0.371112
352.986	0.40041
353.238	0.35158
353.49	0.395527
353.742	0.405293
353.993	0.366229
354.245	0.385761
354.497	0.371112
354.749	0.390644
355	0.395527
355.252	0.390644
355.504	0.390644
355.756	0.375995
356.008	0.375995
356.259	0.375995
356.511	0.371112
356.763	0.375995
357.015	0.375995
357.266	0.366229
357.518	0.375995
357.77	0.371112
358.022	0.375995
358.273	0.385761
358.525	0.361346
358.777	0.371112
359.029	0.380878
359.28	0.375995
359.532	0.375995
359.784	0.371112
360.036	0.380878
360.287	0.375995
360.539	0.361346
360.791	0.356463
361.043	0.341814
361.294	0.356463
361.546	0.332047
361.798	0.361346
362.05	0.341814
362.302	0.371112
362.553	0.361346
362.805	0.361346
363.057	0.346697
363.309	0.366229
363.56	0.35158
363.812	0.366229
364.064	0.366229
364.316	0.366229
364.567	0.366229
364.819	0.356463
365.071	0.346697
365.323	0.341814
365.574	0.341814
365.826	0.327164
366.078	0.35158
366.33	0.35158
366.581	0.346697
366.833	0.336931
367.085	0.346697
367.337	0.361346
367.588	0.341814
367.84	0.341814
368.092	0.35158
368.344	0.346697
368.596	0.341814
368.847	0.336931
369.099	0.35158
369.351	0.322281
369.603	0.341814
369.854	0.322281
370.106	0.336931
370.358	0.332047
370.61	0.35158
370.861	0.327164
371.113	0.327164
371.365	0.346697
371.617	0.332047
371.868	0.327164
372.12	0.332047
372.372	0.312515
372.624	0.317398
372.875	0.327164
373.127	0.336931
373.379	0.336931
373.631	0.327164
373.882	0.332047
374.134	0.322281
374.386	0.322281
374.638	0.327164
374.89	0.317398
375.141	0.336931
375.393	0.35158
375.645	0.317398
375.897	0.302749
376.148	0.297866
376.4	0.332047
376.652	0.322281
376.904	0.327164
377.155	0.327164
377.407	0.332047
377.659	0.322281
377.911	0.307632
378.162	0.297866
378.414	0.307632
378.666	0.307632
378.918	0.302749
379.169	0.302749
379.421	0.302749
379.673	0.297866
379.925	0.327164
380.176	0.322281
380.428	0.307632
380.68	0.317398
380.932	0.327164
381.184	0.297866
381.435	0.317398
381.687	0.2881
381.939	0.297866
382.191	0.307632
382.442	0.292983
382.694	0.312515
382.946	0.312515
383.198	0.302749
383.449	0.322281
383.701	0.302749
383.953	0.307632
384.205	0.2881
384.456	0.312515
384.708	0.307632
384.96	0.312515
385.212	0.302749
385.463	0.302749
385.715	0.2881
385.967	0.297866
386.219	0.297866
386.47	0.312515
386.722	0.307632
386.974	0.292983
387.226	0.268568
387.478	0.273451
387.729	0.2881
387.981	0.292983
388.233	0.278334
388.485	0.278334
388.736	0.302749
388.988	0.317398
389.24	0.253919
389.492	0.283217
389.743	0.2881
389.995	0.302749
390.247	0.278334
390.499	0.297866
390.75	0.278334
391.002	0.292983
391.254	0.278334
391.506	0.2881
391.757	0.283217
392.009	0.292983
392.261	0.297866
392.513	0.278334
392.764	0.2881
393.016	0.292983
393.268	0.297866
393.52	0.283217
393.772	0.278334
394.023	0.2881
394.275	0.273451
394.527	0.2881
394.779	0.278334
395.03	0.283217
395.282	0.292983
395.534	0.268568
395.786	0.273451
396.037	0.278334
396.289	0.307632
396.541	0.292983
396.793	0.278334
397.044	0.278334
397.296	0.283217
397.548	0.292983
397.8	0.278334
398.051	0.263685
398.303	0.278334
398.555	0.249036
398.807	0.268568
399.058	0.263685
399.31	0.278334
399.562	0.263685
399.814	0.253919
400.066	0.273451
400.317	0.278334
400.569	0.283217
400.821	0.278334
401.073	0.263685
401.324	0.273451
401.576	0.273451
401.828	0.283217
402.08	0.273451
402.331	0.2881
402.583	0.268568
402.835	0.263685
403.087	0.283217
403.338	0.283217
403.59	0.263685
403.842	0.2881
404.094	0.273451
404.345	0.268568
404.597	0.2881
404.849	0.268568
405.101	0.244153
405.352	0.283217
405.604	0.283217
405.856	0.249036
406.108	0.263685
406.36	0.263685
406.611	0.249036
406.863	0.239269
407.115	0.253919
407.367	0.263685
407.618	0.268568
407.87	0.258802
408.122	0.244153
408.374	0.244153
408.625	0.244153
408.877	0.253919
409.129	0.268568
409.381	0.258802
409.632	0.263685
409.884	0.268568
410.136	0.239269
410.388	0.253919
410.639	0.234386
410.891	0.263685
411.143	0.244153
411.395	0.263685
411.646	0.278334
411.898	0.249036
412.15	0.253919
412.402	0.249036
412.654	0.258802
412.905	0.239269
413.157	0.244153
413.409	0.239269
413.661	0.268568
413.912	0.263685
414.164	0.263685
414.416	0.239269
414.668	0.258802
414.919	0.253919
415.171	0.234386
415.423	0.258802
415.675	0.239269
415.926	0.253919
416.178	0.263685
416.43	0.244153
416.682	0.239269
416.933	0.219737
417.185	0.258802
417.437	0.263685
417.689	0.234386
417.94	0.268568
418.192	0.239269
418.444	0.244153
418.696	0.219737
418.948	0.244153
419.199	0.258802
419.451	0.229503
419.703	0.249036
419.955	0.253919
420.206	0.229503
420.458	0.244153
420.71	0.239269
420.962	0.263685
421.213	0.263685
421.465	0.234386
421.717	0.258802
421.969	0.229503
422.22	0.234386
422.472	0.229503
422.724	0.229503
422.976	0.234386
423.227	0.234386
423.479	0.239269
423.731	0.249036
423.983	0.258802
424.234	0.249036
424.486	0.234386
424.738	0.244153
424.99	0.239269
425.242	0.229503
425.493	0.219737
425.745	0.234386
425.997	0.229503
426.249	0.22462
426.5	0.244153
426.752	0.239269
427.004	0.263685
427.256	0.234386
427.507	0.229503
427.759	0.239269
428.011	0.229503
428.263	0.249036
428.514	0.234386
428.766	0.214854
429.018	0.244153
429.27	0.229503
429.521	0.253919
429.773	0.234386
430.025	0.234386
430.277	0.219737
430.528	0.234386
430.78	0.253919
431.032	0.219737
431.284	0.239269
431.536	0.229503
431.787	0.234386
432.039	0.234386
432.291	0.234386
432.543	0.22462
432.794	0.22462
433.046	0.229503
433.298	0.239269
433.55	0.244153
433.801	0.22462
434.053	0.239269
434.305	0.209971
434.557	0.22462
434.808	0.244153
435.06	0.205088
435.312	0.209971
435.564	0.219737
435.815	0.219737
436.067	0.234386
436.319	0.219737
436.571	0.234386
436.822	0.239269
437.074	0.22462
437.326	0.229503
437.578	0.22462
437.83	0.219737
438.081	0.234386
438.333	0.219737
438.585	0.22462
438.837	0.209971
439.088	0.234386
439.34	0.234386
439.592	0.219737
439.844	0.22462
440.095	0.219737
440.347	0.22462
440.599	0.229503
440.851	0.234386
441.102	0.234386
441.354	0.214854
441.606	0.239269
441.858	0.214854
442.109	0.209971
442.361	0.214854
442.613	0.22462
442.865	0.239269
443.116	0.205088
443.368	0.22462
443.62	0.195322
443.872	0.229503
444.124	0.205088
444.375	0.214854
444.627	0.22462
444.879	0.229503
445.131	0.219737
445.382	0.209971
445.634	0.205088
445.886	0.195322
446.138	0.209971
446.389	0.229503
446.641	0.234386
446.893	0.229503
447.145	0.22462
447.396	0.229503
447.648	0.219737
447.9	0.214854
448.152	0.205088
448.403	0.219737
448.655	0.219737
448.907	0.219737
449.159	0.209971
449.41	0.234386
449.662	0.229503
449.914	0.219737
450.166	0.239269
450.418	0.205088
450.669	0.234386
450.921	0.209971
451.173	0.205088
451.425	0.205088
451.676	0.205088
451.928	0.219737
452.18	0.200205
452.432	0.229503
452.683	0.209971
452.935	0.234386
453.187	0.209971
453.439	0.205088
453.69	0.234386
453.942	0.209971
454.194	0.209971
454.446	0.200205
454.697	0.205088
454.949	0.229503
455.201	0.22462
455.453	0.219737
455.704	0.22462
455.956	0.200205
456.208	0.209971
456.46	0.219737
456.712	0.200205
456.963	0.185556
457.215	0.200205
457.467	0.239269
457.719	0.205088
457.97	0.214854
458.222	0.209971
458.474	0.229503
458.726	0.205088
458.977	0.200205
459.229	0.209971
459.481	0.219737
459.733	0.214854
459.984	0.22462
460.236	0.195322
460.488	0.219737
460.74	0.180673
460.991	0.214854
461.243	0.209971
461.495	0.200205
461.747	0.205088
461.998	0.219737
462.25	0.214854
462.502	0.22462
462.754	0.205088
463.006	0.205088
463.257	0.205088
463.509	0.214854
463.761	0.229503
464.013	0.190439
464.264	0.209971
464.516	0.214854
464.768	0.219737
465.02	0.209971
465.271	0.209971
465.523	0.185556
465.775	0.205088
466.027	0.185556
466.278	0.200205
466.53	0.209971
466.782	0.205088
467.034	0.190439
467.285	0.185556
467.537	0.205088
467.789	0.185556
468.041	0.195322
468.292	0.200205
468.544	0.205088
468.796	0.185556
469.048	0.22462
469.3	0.195322
469.551	0.205088
469.803	0.209971
470.055	0.205088
470.307	0.190439
470.558	0.200205
470.81	0.180673
471.062	0.200205
471.314	0.17579
471.565	0.200205
471.817	0.195322
472.069	0.195322
472.321	0.195322
472.572	0.214854
472.824	0.195322
473.076	0.190439
473.328	0.200205
473.579	0.219737
473.831	0.180673
474.083	0.190439
474.335	0.200205
474.586	0.200205
474.838	0.214854
475.09	0.209971
475.342	0.17579
475.594	0.200205
475.845	0.205088
476.097	0.214854
476.349	0.214854
476.601	0.185556
476.852	0.205088
477.104	0.22462
477.356	0.190439
477.608	0.214854
477.859	0.205088
478.111	0.200205
478.363	0.200205
478.615	0.190439
478.866	0.195322
479.118	0.180673
479.37	0.200205
479.622	0.200205
479.873	0.180673
480.125	0.22462
480.377	0.185556
480.629	0.180673
480.88	0.180673
481.132	0.200205
481.384	0.200205
481.636	0.190439
481.888	0.180673
482.139	0.195322
482.391	0.185556
482.643	0.214854
482.895	0.190439
483.146	0.195322
483.398	0.190439
483.65	0.214854
483.902	0.190439
484.153	0.195322
484.405	0.22462
484.657	0.200205
484.909	0.200205
485.16	0.195322
485.412	0.195322
485.664	0.195322
485.916	0.190439
486.167	0.170907
486.419	0.205088
486.671	0.209971
486.923	0.180673
487.174	0.190439
487.426	0.195322
487.678	0.195322
487.93	0.17579
488.182	0.209971
488.433	0.200205
488.685	0.195322
488.937	0.180673
489.189	0.190439
489.44	0.205088
489.692	0.219737
489.944	0.200205
490.196	0.190439
490.447	0.180673
490.699	0.195322
490.951	0.180673
491.203	0.185556
491.454	0.190439
491.706	0.195322
491.958	0.205088
492.21	0.200205
492.461	0.195322
492.713	0.166024
492.965	0.185556
493.217	0.190439
493.468	0.190439
493.72	0.185556
493.972	0.180673
494.224	0.200205
494.476	0.190439
494.727	0.205088
494.979	0.195322
495.231	0.180673
495.483	0.190439
495.734	0.17579
495.986	0.190439
496.238	0.180673
496.49	0.190439
496.741	0.205088
496.993	0.17579
497.245	0.166024
497.497	0.185556
497.748	0.180673
498	0.190439
498.252	0.185556
498.504	0.200205
498.755	0.180673
499.007	0.180673
499.259	0.205088
499.511	0.200205
499.762	0.185556
500.014	0.190439
500.266	0.209971
500.518	0.180673
500.77	0.190439
501.021	0.185556
501.273	0.185556
501.525	0.180673
501.777	0.185556
502.028	0.190439
502.28	0.195322
502.532	0.17579
502.784	0.17579
503.035	0.180673
503.287	0.190439
503.539	0.190439
503.791	0.185556
504.042	0.185556
504.294	0.195322
504.546	0.180673
504.798	0.161141
505.049	0.209971
505.301	0.200205
505.553	0.185556
505.805	0.166024
506.056	0.190439
506.308	0.190439
506.56	0.161141
506.812	0.200205
507.064	0.17579
507.315	0.17579
507.567	0.17579
507.819	0.190439
508.071	0.185556
508.322	0.166024
508.574	0.205088
508.826	0.170907
509.078	0.190439
509.329	0.170907
509.581	0.170907
509.833	0.17579
510.085	0.17579
510.336	0.156258
510.588	0.190439
510.84	0.195322
511.092	0.17579
511.343	0.185556
511.595	0.17579
511.847	0.156258
512.099	0.185556
512.35	0.185556
512.602	0.185556
512.854	0.170907
513.106	0.185556
513.358	0.190439
513.609	0.180673
513.861	0.170907
514.113	0.185556
514.365	0.185556
514.616	0.17579
514.868	0.166024
515.12	0.185556
515.372	0.190439
515.623	0.166024
515.875	0.185556
516.127	0.170907
516.379	0.161141
516.63	0.166024
516.882	0.185556
517.134	0.180673
517.386	0.180673
517.637	0.170907
517.889	0.180673
518.141	0.180673
518.393	0.180673
518.644	0.190439
518.896	0.195322
519.148	0.200205
519.4	0.180673
519.652	0.180673
519.903	0.166024
520.155	0.195322
520.407	0.185556
520.659	0.151375
520.91	0.166024
521.162	0.195322
521.414	0.17579
521.666	0.180673
521.917	0.195322
522.169	0.195322
522.421	0.17579
522.673	0.17579
522.924	0.180673
523.176	0.156258
523.428	0.200205
523.68	0.185556
523.931	0.166024
524.183	0.170907
524.435	0.180673
524.687	0.161141
524.938	0.161141
525.19	0.161141
525.442	0.136725
525.694	0.166024
525.946	0.185556
526.197	0.180673
526.449	0.166024
526.701	0.180673
526.953	0.17579
527.204	0.170907
527.456	0.180673
527.708	0.17579
527.96	0.205088
528.211	0.185556
528.463	0.166024
528.715	0.170907
528.967	0.180673
529.218	0.17579
529.47	0.190439
529.722	0.185556
529.974	0.190439
530.225	0.170907
530.477	0.180673
530.729	0.17579
530.981	0.180673
531.232	0.190439
531.484	0.170907
531.736	0.170907
531.988	0.166024
532.24	0.161141
532.491	0.185556
532.743	0.17579
532.995	0.190439
533.247	0.180673
533.498	0.170907
533.75	0.170907
534.002	0.180673
534.254	0.166024
534.505	0.166024
534.757	0.180673
535.009	0.185556
535.261	0.156258
535.512	0.161141
535.764	0.17579
536.016	0.170907
536.268	0.170907
536.519	0.166024
536.771	0.156258
537.023	0.161141
537.275	0.185556
537.526	0.170907
537.778	0.17579
538.03	0.17579
538.282	0.166024
538.534	0.166024
538.785	0.200205
539.037	0.180673
539.289	0.166024
539.541	0.180673
539.792	0.166024
540.044	0.151375
540.296	0.166024
540.548	0.185556
540.799	0.17579
541.051	0.180673
541.303	0.161141
541.555	0.166024
541.806	0.156258
542.058	0.190439
542.31	0.170907
542.562	0.200205
542.813	0.151375
543.065	0.161141
543.317	0.170907
543.569	0.166024
543.82	0.185556
544.072	0.17579
544.324	0.180673
544.576	0.161141
544.828	0.180673
545.079	0.161141
545.331	0.166024
545.583	0.170907
545.835	0.161141
546.086	0.17579
546.338	0.205088
546.59	0.161141
546.842	0.17579
547.093	0.180673
547.345	0.166024
547.597	0.166024
547.849	0.185556
548.1	0.170907
548.352	0.166024
548.604	0.151375
548.856	0.161141
549.107	0.180673
549.359	0.17579
549.611	0.170907
549.863	0.161141
550.114	0.166024
550.366	0.170907
550.618	0.170907
550.87	0.170907
551.122	0.185556
551.373	0.170907
551.625	0.200205
551.877	0.161141
552.129	0.166024
552.38	0.151375
552.632	0.146492
552.884	0.156258
553.136	0.180673
553.387	0.170907
553.639	0.166024
553.891	0.166024
554.143	0.170907
554.394	0.166024
554.646	0.166024
554.898	0.161141
555.15	0.185556
555.401	0.17579
555.653	0.180673
555.905	0.170907
556.157	0.180673
556.408	0.166024
556.66	0.170907
556.912	0.166024
557.164	0.161141
557.416	0.180673
557.667	0.170907
557.919	0.170907
558.171	0.156258
558.423	0.161141
558.674	0.170907
558.926	0.17579
559.178	0.156258
559.43	0.180673
559.681	0.17579
559.933	0.17579
560.185	0.156258
560.437	0.166024
560.688	0.166024
560.94	0.161141
561.192	0.180673
561.444	0.141608
561.695	0.166024
561.947	0.161141
562.199	0.17579
562.451	0.156258
562.702	0.170907
562.954	0.146492
563.206	0.156258
563.458	0.151375
563.71	0.180673
563.961	0.156258
564.213	0.146492
564.465	0.166024
564.717	0.17579
564.968	0.166024
565.22	0.161141
565.472	0.170907
565.724	0.156258
565.975	0.161141
566.227	0.17579
566.479	0.17579
566.731	0.166024
566.982	0.156258
567.234	0.166024
567.486	0.170907
567.738	0.170907
567.989	0.17579
568.241	0.161141
568.493	0.161141
568.745	0.161141
568.996	0.180673
569.248	0.166024
569.5	0.17579
569.752	0.17579
570.004	0.146492
570.255	0.156258
570.507	0.161141
570.759	0.166024
571.011	0.156258
571.262	0.166024
571.514	0.166024
571.766	0.161141
572.018	0.17579
572.269	0.156258
572.521	0.156258
572.773	0.151375
573.025	0.166024
573.276	0.166024
573.528	0.166024
573.78	0.180673
574.032	0.161141
574.283	0.146492
574.535	0.180673
574.787	0.170907
575.039	0.156258
575.29	0.170907
575.542	0.180673
575.794	0.161141
576.046	0.166024
576.298	0.156258
576.549	0.170907
576.801	0.141608
577.053	0.166024
577.305	0.151375
577.556	0.170907
577.808	0.180673
578.06	0.146492
578.312	0.166024
578.563	0.166024
578.815	0.156258
579.067	0.151375
579.319	0.17579
579.57	0.161141
579.822	0.17579
580.074	0.170907
580.326	0.151375
580.577	0.161141
580.829	0.170907
581.081	0.170907
581.333	0.17579
581.584	0.180673
581.836	0.166024
582.088	0.156258
582.34	0.141608
582.592	0.151375
582.843	0.166024
583.095	0.156258
583.347	0.156258
583.599	0.146492
583.85	0.146492
584.102	0.166024
584.354	0.156258
584.606	0.17579
584.857	0.166024
585.109	0.151375
585.361	0.17579
585.613	0.151375
585.864	0.166024
586.116	0.151375
586.368	0.161141
586.62	0.180673
586.871	0.166024
587.123	0.161141
587.375	0.180673
587.627	0.151375
587.878	0.185556
588.13	0.170907
588.382	0.166024
588.634	0.146492
588.886	0.170907
589.137	0.146492
589.389	0.156258
589.641	0.17579
589.893	0.161141
590.144	0.195322
590.396	0.161141
590.648	0.161141
590.9	0.156258
591.151	0.161141
591.403	0.151375
591.655	0.170907
591.907	0.17579
592.158	0.151375
592.41	0.170907
592.662	0.161141
592.914	0.166024
593.165	0.185556
593.417	0.146492
593.669	0.17579
593.921	0.141608
594.172	0.156258
594.424	0.146492
594.676	0.156258
594.928	0.151375
595.18	0.166024
595.431	0.166024
595.683	0.170907
595.935	0.166024
596.187	0.151375
596.438	0.161141
596.69	0.166024
596.942	0.170907
597.194	0.161141
597.445	0.161141
597.697	0.151375
597.949	0.170907
598.201	0.131842
598.452	0.156258
598.704	0.166024
598.956	0.170907
599.208	0.166024
599.459	0.166024
599.711	0.156258
599.963	0.141608
600.215	0.146492
600.466	0.180673
600.718	0.156258
600.97	0.185556
601.222	0.156258
601.474	0.17579
601.725	0.161141
601.977	0.180673
602.229	0.166024
602.481	0.146492
602.732	0.166024
602.984	0.170907
603.236	0.146492
603.488	0.156258
603.739	0.131842
603.991	0.161141
604.243	0.156258
604.495	0.151375
604.746	0.161141
604.998	0.156258
605.25	0.166024
605.502	0.17579
605.753	0.141608
606.005	0.146492
606.257	0.156258
606.509	0.161141
606.76	0.156258
607.012	0.170907
607.264	0.151375
607.516	0.146492
607.768	0.166024
608.019	0.161141
608.271	0.151375
608.523	0.141608
608.775	0.161141
609.026	0.156258
609.278	0.166024
609.53	0.161141
609.782	0.146492
610.033	0.170907
610.285	0.170907
610.537	0.146492
610.789	0.170907
611.04	0.141608
611.292	0.151375
611.544	0.161141
611.796	0.151375
612.047	0.151375
612.299	0.166024
612.551	0.161141
612.803	0.166024
613.054	0.166024
613.306	0.151375
613.558	0.166024
613.81	0.126959
614.062	0.146492
614.313	0.141608
614.565	0.166024
614.817	0.170907
615.069	0.180673
615.32	0.141608
615.572	0.151375
615.824	0.141608
616.076	0.141608
616.327	0.161141
616.579	0.156258
616.831	0.156258
617.083	0.151375
617.334	0.151375
617.586	0.136725
617.838	0.166024
618.09	0.151375
618.341	0.146492
618.593	0.161141
618.845	0.131842
619.097	0.166024
619.348	0.156258
619.6	0.156258
619.852	0.161141
620.104	0.151375
620.356	0.146492
620.607	0.146492
620.859	0.17579
621.111	0.141608
621.363	0.151375
621.614	0.146492
621.866	0.136725
622.118	0.146492
622.37	0.146492
622.621	0.166024
622.873	0.151375
623.125	0.146492
623.377	0.141608
623.628	0.170907
623.88	0.151375
624.132	0.156258
624.384	0.17579
624.635	0.180673
624.887	0.170907
625.139	0.170907
625.391	0.156258
625.642	0.170907
625.894	0.151375
626.146	0.170907
626.398	0.166024
626.65	0.146492
626.901	0.146492
627.153	0.17579
627.405	0.185556
627.657	0.151375
627.908	0.161141
628.16	0.156258
628.412	0.141608
628.664	0.146492
628.915	0.156258
629.167	0.156258
629.419	0.141608
629.671	0.161141
629.922	0.156258
630.174	0.146492
630.426	0.156258
630.678	0.161141
630.929	0.141608
631.181	0.146492
631.433	0.146492
631.685	0.141608
631.936	0.156258
632.188	0.146492
632.44	0.166024
632.692	0.166024
632.944	0.156258
633.195	0.161141
633.447	0.156258
633.699	0.141608
633.951	0.17579
634.202	0.151375
634.454	0.161141
634.706	0.170907
634.958	0.161141
635.209	0.161141
635.461	0.166024
635.713	0.126959
635.965	0.151375
636.216	0.141608
636.468	0.151375
636.72	0.166024
636.972	0.170907
637.223	0.161141
637.475	0.146492
637.727	0.156258
637.979	0.156258
638.23	0.166024
638.482	0.141608
638.734	0.161141
638.986	0.161141
639.238	0.151375
639.489	0.136725
639.741	0.156258
639.993	0.151375
640.245	0.156258
640.496	0.151375
640.748	0.146492
641	0.141608
641.252	0.136725
641.503	0.136725
641.755	0.131842
642.007	0.170907
642.259	0.146492
642.51	0.156258
642.762	0.146492
643.014	0.156258
643.266	0.151375
643.517	0.136725
643.769	0.151375
644.021	0.156258
644.273	0.156258
644.524	0.136725
644.776	0.156258
645.028	0.141608
645.28	0.126959
645.532	0.146492
645.783	0.161141
646.035	0.17579
646.287	0.170907
646.539	0.156258
646.79	0.151375
647.042	0.146492
647.294	0.156258
647.546	0.161141
647.797	0.161141
648.049	0.136725
648.301	0.166024
648.553	0.151375
648.804	0.141608
649.056	0.141608
649.308	0.151375
649.56	0.151375
649.811	0.17579
650.063	0.156258
650.315	0.180673
650.567	0.151375
650.818	0.190439
651.07	0.156258
651.322	0.161141
651.574	0.17579
651.826	0.141608
652.077	0.156258
652.329	0.151375
652.581	0.146492
652.833	0.17579
653.084	0.170907
653.336	0.131842
653.588	0.151375
653.84	0.151375
654.091	0.161141
654.343	0.151375
654.595	0.161141
654.847	0.161141
655.098	0.146492
655.35	0.170907
655.602	0.151375
655.854	0.131842
656.105	0.156258
656.357	0.151375
656.609	0.141608
656.861	0.156258
657.112	0.136725
657.364	0.161141
657.616	0.161141
657.868	0.146492
658.12	0.166024
658.371	0.161141
658.623	0.146492
658.875	0.136725
659.127	0.166024
659.378	0.156258
659.63	0.151375
659.882	0.166024
660.134	0.151375
660.385	0.146492
660.637	0.151375
660.889	0.161141
661.141	0.17579
661.392	0.146492
661.644	0.17579
661.896	0.156258
662.148	0.170907
662.399	0.151375
662.651	0.151375
662.903	0.141608
663.155	0.151375
663.406	0.161141
663.658	0.126959
663.91	0.151375
664.162	0.156258
664.414	0.151375
664.665	0.156258
664.917	0.161141
665.169	0.156258
665.421	0.161141
665.672	0.166024
665.924	0.156258
666.176	0.146492
666.428	0.136725
666.679	0.146492
666.931	0.131842
667.183	0.151375
667.435	0.161141
667.686	0.131842
667.938	0.146492
668.19	0.156258
668.442	0.151375
668.693	0.170907
668.945	0.156258
669.197	0.136725
669.449	0.141608
669.7	0.146492
669.952	0.146492
670.204	0.151375
670.456	0.166024
670.708	0.161141
670.959	0.131842
671.211	0.141608
671.463	0.131842
671.715	0.151375
671.966	0.141608
672.218	0.151375
672.47	0.156258
672.722	0.146492
672.973	0.151375
673.225	0.156258
673.477	0.156258
673.729	0.161141
673.98	0.141608
674.232	0.136725
674.484	0.146492
674.736	0.146492
674.987	0.146492
675.239	0.156258
675.491	0.161141
675.743	0.151375
675.994	0.156258
676.246	0.151375
676.498	0.166024
676.75	0.156258
677.002	0.141608
677.253	0.151375
677.505	0.136725
677.757	0.136725
678.009	0.156258
678.26	0.146492
678.512	0.136725
678.764	0.156258
679.016	0.156258
679.267	0.141608
679.519	0.161141
679.771	0.141608
680.023	0.141608
680.274	0.146492
680.526	0.141608
680.778	0.156258
681.03	0.131842
681.281	0.17579
681.533	0.166024
681.785	0.151375
682.037	0.151375
682.288	0.166024
682.54	0.146492
682.792	0.151375
683.044	0.156258
683.296	0.151375
683.547	0.136725
683.799	0.17579
684.051	0.146492
684.303	0.166024
684.554	0.156258
684.806	0.17579
685.058	0.136725
685.31	0.156258
685.561	0.136725
685.813	0.161141
686.065	0.136725
686.317	0.161141
686.568	0.156258
686.82	0.161141
687.072	0.146492
687.324	0.146492
687.575	0.117193
687.827	0.117193
688.079	0.141608
688.331	0.161141
688.582	0.131842
688.834	0.166024
689.086	0.136725
689.338	0.131842
689.59	0.166024
689.841	0.146492
690.093	0.122076
690.345	0.146492
690.597	0.161141
690.848	0.126959
691.1	0.141608
691.352	0.136725
691.604	0.131842
691.855	0.131842
692.107	0.141608
692.359	0.126959
692.611	0.151375
692.862	0.141608
693.114	0.136725
693.366	0.141608
693.618	0.151375
693.869	0.151375
694.121	0.141608
694.373	0.131842
694.625	0.136725
694.876	0.141608
695.128	0.146492
695.38	0.126959
695.632	0.166024
695.884	0.156258
696.135	0.126959
696.387	0.161141
696.639	0.136725
696.891	0.146492
697.142	0.141608
697.394	0.141608
697.646	0.156258
697.898	0.136725
698.149	0.136725
698.401	0.151375
698.653	0.151375
698.905	0.141608
699.156	0.151375
699.408	0.146492
699.66	0.151375
699.912	0.151375
700.163	0.146492
700.415	0.141608
700.667	0.151375
700.919	0.151375
701.17	0.146492
701.422	0.161141
701.674	0.151375
701.926	0.161141
702.178	0.141608
702.429	0.151375
702.681	0.161141
702.933	0.141608
703.185	0.151375
703.436	0.151375
703.688	0.146492
703.94	0.122076
704.192	0.161141
704.443	0.146492
704.695	0.141608
704.947	0.131842
705.199	0.146492
705.45	0.136725
705.702	0.141608
705.954	0.166024
706.206	0.161141
706.457	0.151375
706.709	0.146492
706.961	0.151375
707.213	0.131842
707.464	0.126959
707.716	0.146492
707.968	0.151375
708.22	0.122076
708.472	0.151375
708.723	0.136725
708.975	0.141608
709.227	0.146492
709.479	0.141608
709.73	0.151375
709.982	0.146492
710.234	0.122076
710.486	0.141608
710.737	0.146492
710.989	0.136725
711.241	0.161141
711.493	0.146492
711.744	0.146492
711.996	0.151375
712.248	0.151375
712.5	0.136725
712.751	0.141608
713.003	0.146492
713.255	0.161141
713.507	0.117193
713.758	0.161141
714.01	0.151375
714.262	0.166024
714.514	0.141608
714.766	0.156258
715.017	0.141608
715.269	0.141608
715.521	0.141608
715.773	0.126959
716.024	0.161141
716.276	0.151375
716.528	0.151375
716.78	0.136725
717.031	0.151375
717.283	0.136725
717.535	0.146492
717.787	0.166024
718.038	0.136725
718.29	0.146492
718.542	0.131842
718.794	0.151375
719.045	0.151375
719.297	0.146492
719.549	0.131842
719.801	0.136725
720.052	0.131842
720.304	0.136725
720.556	0.141608
720.808	0.156258
721.06	0.136725
721.311	0.141608
721.563	0.131842
721.815	0.146492
722.067	0.141608
722.318	0.166024
722.57	0.156258
722.822	0.136725
723.074	0.131842
723.325	0.151375
723.577	0.136725
723.829	0.141608
724.081	0.136725
724.332	0.146492
724.584	0.161141
724.836	0.141608
725.088	0.146492
725.339	0.141608
725.591	0.131842
725.843	0.131842
726.095	0.141608
726.346	0.141608
726.598	0.146492
726.85	0.156258
727.102	0.151375
727.354	0.136725
727.605	0.131842
727.857	0.136725
728.109	0.151375
728.361	0.141608
728.612	0.11231
728.864	0.146492
729.116	0.136725
729.368	0.141608
729.619	0.151375
729.871	0.151375
730.123	0.136725
730.375	0.151375
730.626	0.122076
730.878	0.141608
731.13	0.141608
731.382	0.156258
731.633	0.156258
731.885	0.126959
732.137	0.146492
732.389	0.156258
732.64	0.131842
732.892	0.141608
733.144	0.170907
733.396	0.151375
733.648	0.122076
733.899	0.136725
734.151	0.156258
734.403	0.156258
734.655	0.151375
734.906	0.146492
735.158	0.146492
735.41	0.141608
735.662	0.136725
735.913	0.170907
736.165	0.136725
736.417	0.131842
736.669	0.141608
736.92	0.156258
737.172	0.156258
737.424	0.156258
737.676	0.122076
737.927	0.146492
738.179	0.151375
738.431	0.151375
738.683	0.122076
738.934	0.141608
739.186	0.141608
739.438	0.151375
739.69	0.156258
739.942	0.136725
740.193	0.156258
740.445	0.151375
740.697	0.151375
740.949	0.146492
741.2	0.126959
741.452	0.146492
741.704	0.131842
741.956	0.131842
742.207	0.141608
742.459	0.146492
742.711	0.141608
742.963	0.156258
743.214	0.131842
743.466	0.161141
743.718	0.136725
743.97	0.126959
744.221	0.156258
744.473	0.170907
744.725	0.122076
744.977	0.136725
745.228	0.146492
745.48	0.136725
745.732	0.126959
745.984	0.141608
746.236	0.131842
746.487	0.122076
746.739	0.156258
746.991	0.146492
747.243	0.151375
747.494	0.117193
747.746	0.136725
747.998	0.151375
748.25	0.131842
748.501	0.136725
748.753	0.141608
749.005	0.136725
749.257	0.141608
749.508	0.151375
749.76	0.136725
750.012	0.146492
750.264	0.141608
750.515	0.146492
750.767	0.122076
751.019	0.141608
751.271	0.126959
751.522	0.126959
751.774	0.151375
752.026	0.156258
752.278	0.156258
752.53	0.156258
752.781	0.136725
753.033	0.11231
753.285	0.122076
753.537	0.146492
753.788	0.146492
754.04	0.151375
754.292	0.141608
754.544	0.136725
754.795	0.136725
755.047	0.141608
755.299	0.126959
