0.27056	77.4012
0.52224	67.4593
0.77392	61.795
1.0256	55.9891
1.27728	52.7223
1.52896	48.5571
1.78064	46.6624
2.03232	43.9621
2.284	42.7609
2.53568	40.5489
2.78736	39.7822
3.03904	37.995
3.29072	38.1415
3.5424	36.8133
3.79408	36.1688
4.04576	34.6062
4.29744	34.821
4.54912	33.6735
4.8008	33.8102
5.05248	32.8971
5.30416	33.0631
5.55584	31.6812
5.80752	32.0768
6.0592	31.2369
6.31088	31.1197
6.56256	30.3042
6.81424	30.563
7.06592	29.811
7.3176	29.4008
7.56928	29.2153
7.82096	29.059
8.07264	28.6196
8.32432	28.6
8.576	27.8969
8.82768	28.0482
9.07936	27.223
9.33104	27.6088
9.58272	27.4476
9.8344	27.0472
10.0861	26.2073
10.3378	26.471
10.5894	25.8362
10.8411	25.6067
11.0928	25.6848
11.3445	25.5774
11.5962	25.1721
11.8478	24.7571
12.0995	25.0305
12.3512	24.5471
12.6029	24.4299
12.8546	23.8098
13.1062	24.2541
13.3579	23.424
13.6096	23.6437
13.8613	23.6096
14.113	23.2336
14.3646	23.1798
14.6163	22.8722
14.868	22.7306
15.1197	22.5011
15.3714	22.2814
15.623	22.0274
15.8747	21.8517
16.1264	21.8614
16.3781	21.6856
16.6298	21.5196
16.8814	21.4024
17.1331	21.1876
17.3848	21.2364
17.6365	20.8604
17.8882	20.5088
18.1398	20.7334
18.3915	20.3623
18.6432	20.3233
18.8949	19.791
19.1466	19.581
19.3982	19.8105
19.6499	19.6201
19.9016	19.5224
20.1533	19.2441
20.405	19.459
20.6566	19.2197
20.9083	18.9023
21.16	18.6972
21.4117	18.6484
21.6634	18.2187
21.915	18.3017
22.1667	18.1015
22.4184	18.0917
22.6701	18.6044
22.9218	18.1942
23.1734	17.6962
23.4251	17.6718
23.6768	17.452
23.9285	17.662
24.1802	17.4618
24.4318	17.2958
24.6835	17.1493
24.9352	16.8514
25.1869	16.7684
25.4386	16.6707
25.6902	16.7537
25.9419	16.8661
26.1936	16.3045
26.4453	16.5877
26.697	16.0018
26.9486	16.1385
27.2003	15.9529
27.452	15.9285
27.7037	15.9773
27.9554	15.6892
28.207	15.4744
28.4587	15.3914
28.7104	15.7576
28.9621	14.9666
29.2138	15.2937
29.4654	15.3425
29.7171	15.3035
29.9688	14.8542
30.2205	14.7859
30.4722	14.5857
30.7238	14.8249
30.9755	14.6882
31.2272	14.5808
31.4789	14.9617
31.7306	14.3904
31.9822	14.3464
32.2339	14.322
32.4856	14.0534
32.7373	13.9704
32.989	14.0583
33.2406	13.8337
33.4923	14.2048
33.744	13.7116
33.9957	13.6139
34.2474	13.5846
34.499	13.902
34.7507	13.2624
35.0024	13.5798
35.2541	13.1891
35.5058	12.7936
35.7574	12.9157
36.0091	12.8522
36.2608	12.9059
36.5125	13.2087
36.7642	12.6862
37.0158	12.569
37.2675	12.6618
37.5192	12.608
37.7709	12.359
38.0226	12.4567
38.2742	12.652
38.5259	12.3737
38.7776	12.3053
39.0293	12.1295
39.281	11.9879
39.5326	11.8072
39.7843	11.856
40.036	11.8023
40.2877	11.4459
40.5394	11.5338
40.791	11.3824
41.0427	11.5728
41.2944	11.2164
41.5461	11.4605
41.7978	11.5972
42.0494	11.2554
42.3011	11.1871
42.5528	11.3531
42.8045	11.5045
43.0562	11.314
43.3078	10.8746
43.5595	11.1089
43.8112	10.9624
44.0629	10.6646
44.3146	10.9136
44.5662	10.5474
44.8179	10.7769
45.0696	10.4644
45.3213	10.9624
45.573	10.2446
45.8246	10.8208
46.0763	10.6158
46.328	10.5718
46.5797	10.0249
46.8314	10.3765
47.083	10.4253
47.3347	10.4741
47.5864	9.87841
47.8381	10.3179
48.0898	9.90771
48.3414	9.71239
48.5931	10.0835
48.8448	9.90771
49.0965	9.87841
49.3482	9.75145
49.5998	9.46335
49.8515	9.36569
50.1032	9.71727
50.3549	9.72704
50.6066	9.60496
50.8582	9.74657
51.1099	9.70262
51.3616	9.23385
51.6133	9.08736
51.865	9.19967
52.1166	9.1606
52.3683	8.89692
52.62	9.32174
52.8717	8.94575
53.1234	9.14107
53.375	9.05806
53.6267	8.87739
53.8784	9.06294
54.1301	9.1606
54.3818	8.99946
54.6334	8.92622
54.8851	8.88227
55.1368	8.38908
55.3885	8.81879
55.6402	8.68206
55.8918	8.66742
56.1435	8.59417
56.3952	8.51116
56.6469	8.5844
56.8986	8.75043
57.1502	8.26212
57.4019	8.13516
57.6536	8.5844
57.9053	8.37443
58.157	8.52092
58.4086	8.31584
58.6603	8.30607
58.912	7.80312
59.1637	8.07168
59.4154	8.11075
59.667	8.13516
59.9187	7.95449
60.1704	8.11563
60.4221	7.97891
60.6738	7.90566
60.9254	7.70545
61.1771	7.72499
61.4288	7.71522
61.6805	7.85683
61.9322	7.68592
62.1838	7.75917
62.4355	7.53455
62.6872	7.87148
62.9389	7.49548
63.1906	7.31969
63.4422	7.39782
63.6939	7.73475
63.9456	7.64197
64.1973	7.51502
64.449	7.25133
64.7006	7.07066
64.9523	7.55896
65.204	7.15855
65.4557	7.00718
65.7074	7.21715
65.959	6.69955
66.2107	7.2611
66.4624	7.37341
66.7141	7.42224
66.9658	6.98276
67.2174	7.01206
67.4691	6.75326
67.7208	7.01694
67.9725	6.68978
68.2242	6.81674
68.4758	7.13414
68.7275	6.67513
68.9792	6.84115
69.2309	6.74349
69.4826	6.50911
69.7342	6.69466
69.9859	6.9437
70.2376	6.46028
70.4893	6.77279
70.741	6.44563
70.9926	6.64095
71.2443	6.52864
71.496	6.64583
71.7477	6.61653
71.9994	6.53841
72.251	6.86557
72.5027	6.34308
72.7544	6.44563
73.0061	6.48957
73.2578	6.41633
73.5094	6.54329
73.7611	6.24054
74.0128	6.19171
74.2645	5.9915
74.5162	6.08916
74.7678	6.55794
75.0195	5.88408
75.2712	6.21124
75.5229	6.3382
75.7746	6.17706
76.0262	5.94267
76.2779	6.0501
76.5296	6.03545
76.7813	6.06475
77.033	5.72782
77.2846	6.15264
77.5363	6.05987
77.788	5.97685
78.0397	6.29425
78.2914	6.1087
78.543	5.87919
78.7947	6.01104
79.0464	5.55691
79.2981	5.52273
79.5498	5.69852
79.8014	5.75712
80.0531	5.95732
80.3048	5.74247
80.5565	5.89384
80.8082	5.4739
81.0598	5.42019
81.3115	5.5618
81.5632	5.45925
81.8149	5.62039
82.0666	5.37624
82.3182	5.43972
82.5699	5.63504
82.8216	5.30299
83.0733	5.43484
83.325	5.55691
83.5766	5.61063
83.8283	5.44948
84.08	5.13697
84.3317	5.50808
84.5834	5.4153
84.835	5.88408
85.0867	5.50808
85.3384	5.4153
85.5901	5.40065
85.8418	4.47776
86.0934	4.80004
86.3451	5.37624
86.5968	4.84399
86.8485	4.98071
87.1002	5.13697
87.3518	4.89282
87.6035	5.1272
87.8552	5.58133
88.1069	5.06861
88.3586	5.08326
88.6102	4.97583
88.8619	5.13697
89.1136	4.84887
89.3653	4.84399
89.617	4.8977
89.8686	4.93188
90.1203	4.84399
90.372	5.28346
90.6237	4.89282
90.8754	4.8391
91.127	5.05884
91.3787	4.85864
91.6304	4.77562
91.8821	4.9563
92.1338	4.44358
92.3854	4.70238
92.6371	4.87817
92.8888	4.72191
93.1405	4.61448
93.3922	5.03931
93.6438	4.38986
93.8955	4.75121
94.1472	4.94653
94.3989	4.67308
94.6506	4.71703
94.9022	4.72679
95.1539	4.55589
95.4056	4.37521
95.6573	4.44846
95.909	4.08711
96.1606	4.25314
96.4123	4.927
96.664	4.61937
96.9157	4.72679
97.1674	4.40451
97.419	4.3801
97.6707	4.43869
97.9224	4.27267
98.1741	4.50217
98.4258	4.27755
98.6774	4.20919
98.9291	4.34103
99.1808	4.61937
99.4325	4.49241
99.6842	4.50217
99.9358	4.59983
100.188	4.21407
100.439	4.50706
100.691	4.41916
100.943	4.19942
101.194	4.6682
101.446	4.27267
101.698	4.40939
101.949	4.52659
102.201	4.11641
102.453	4.23849
102.704	4.18477
102.956	3.92597
103.208	4.12618
103.459	3.94551
103.711	4.53635
103.963	3.83808
104.214	4.43869
104.466	4.29708
104.718	4.06758
104.969	4.20919
105.221	4.28732
105.473	4.10665
105.724	3.96504
105.976	4.28732
106.228	4.03828
106.48	3.75507
106.731	4.24337
106.983	3.94551
107.235	3.9748
107.486	3.99922
107.738	4.08223
107.99	3.55486
108.241	3.94551
108.493	3.94551
108.745	3.88691
108.996	3.79901
109.248	3.65741
109.5	3.83319
109.751	3.84296
110.003	4.0627
110.255	3.99922
110.506	3.71112
110.758	4.0041
111.01	3.90644
111.261	3.89179
111.513	3.7453
111.765	4.00898
112.016	3.70135
112.268	3.58904
112.52	3.81855
112.772	3.84296
113.023	3.74042
113.275	3.34977
113.527	3.85273
113.778	3.55974
114.03	3.70135
114.282	3.42302
114.533	3.24235
114.785	3.57928
115.037	3.58904
115.288	3.78925
115.54	3.86738
115.792	3.38884
116.043	3.6867
116.295	3.38395
116.547	3.52068
116.798	3.62811
117.05	3.4572
117.302	3.43278
117.553	3.79901
117.805	3.67694
118.057	3.47673
118.308	3.56463
118.56	3.716
118.812	3.51091
119.064	3.36442
119.315	3.75507
119.567	3.12027
119.819	3.65741
120.07	3.65252
120.322	3.54509
120.574	3.61346
120.825	3.54998
121.077	3.18375
121.329	3.24235
121.58	3.47185
121.832	3.21793
122.084	3.1984
122.335	3.53533
122.587	3.30583
122.839	3.36931
123.09	3.46697
123.342	3.63787
123.594	3.32536
123.845	3.30583
124.097	2.92495
124.349	3.29118
124.6	3.24235
124.852	3.4865
125.104	3.64764
125.356	3.56951
125.607	3.38395
125.859	3.14468
126.111	3.46697
126.362	3.14468
126.614	3.31559
126.866	3.21793
127.117	3.29606
127.369	3.43767
127.621	3.20816
127.872	3.27164
128.124	3.12515
128.376	3.1691
128.627	3.29118
128.879	2.90053
129.131	3.03237
129.382	3.33024
129.634	3.05191
129.886	3.07144
130.137	3.36442
130.389	3.25699
130.641	3.56463
130.892	2.79311
131.144	3.53045
131.396	3.37907
131.648	3.11539
131.899	3.1398
132.151	3.50115
132.403	2.91518
132.654	2.73451
132.906	3.42302
133.158	2.93471
133.409	2.92006
133.661	3.22281
133.913	2.93471
134.164	3.12515
134.416	3.23258
134.668	3.34489
134.919	2.9103
135.171	3.12027
135.423	3.01773
135.674	3.01773
135.926	3.08121
136.178	3.01773
136.429	3.18375
136.681	3.55974
136.933	3.20328
137.184	2.83705
137.436	3.00796
137.688	2.77357
137.94	2.79799
138.191	3.16422
138.443	2.90053
138.695	2.58313
138.946	3.29118
139.198	2.78822
139.45	2.97378
139.701	2.72963
139.953	2.97378
140.205	2.70521
140.456	2.58313
140.708	2.87123
140.96	2.47082
141.211	3.28629
141.463	2.8224
141.715	2.90542
141.966	2.85658
142.218	3.16422
142.47	2.94448
142.721	2.96889
142.973	2.68079
143.225	2.69544
143.476	3.12515
143.728	2.90053
143.98	2.66615
144.232	2.35851
144.483	2.63196
144.735	2.79799
144.987	2.34386
145.238	2.5343
145.49	3.00796
145.742	2.87612
145.993	3.01773
146.245	2.94448
146.497	2.92495
146.748	2.5343
147	3.02749
147.252	2.84682
147.503	3.01773
147.755	2.67103
148.007	2.63685
148.258	2.69544
148.51	2.80775
148.762	2.47082
149.013	2.50012
149.265	2.881
149.517	2.87612
149.768	2.67591
150.02	2.60267
150.272	2.68568
150.524	2.76869
150.775	2.48059
151.027	2.81752
151.279	2.68568
151.53	2.74916
151.782	2.92983
152.034	2.57337
152.285	2.56848
152.537	2.87123
152.789	2.50989
153.04	2.881
153.292	2.72474
153.544	2.94448
153.795	2.6515
154.047	2.48547
154.299	2.49036
154.55	2.46106
154.802	2.78334
155.054	2.48059
155.305	2.49036
155.557	2.72963
155.809	2.37805
156.06	2.41223
156.312	2.5343
156.564	2.43664
156.816	2.5929
157.067	2.9103
157.319	2.38781
157.571	2.96889
157.822	2.41223
158.074	2.44641
158.326	2.80775
158.577	2.63685
158.829	2.68079
159.081	2.75892
159.332	2.58313
159.584	2.32922
159.836	2.37316
160.087	2.43664
160.339	2.61732
160.591	2.25109
160.842	2.53919
161.094	2.22667
161.346	2.67591
161.597	2.3634
161.849	2.54895
162.101	2.08506
162.352	2.49524
162.604	2.61243
162.856	2.78822
163.108	2.38293
163.359	2.28038
163.611	2.48059
163.863	2.39758
164.114	2.56848
164.366	2.54407
164.618	2.42199
164.869	2.87123
165.121	2.39758
165.373	2.49524
165.624	2.22667
165.876	2.44641
166.128	2.52454
166.379	2.21202
166.631	2.46594
166.883	2.57825
167.134	2.25597
167.386	2.50501
167.638	2.22667
167.889	2.08506
168.141	2.39758
168.393	2.20714
168.644	2.58802
168.896	2.50501
169.148	2.52454
169.4	2.43664
169.651	2.22179
169.903	2.62708
170.155	2.42688
170.406	2.37316
170.658	2.39758
170.91	2.37316
171.161	2.40734
171.413	2.50501
171.665	2.61243
171.916	2.55384
172.168	2.15831
172.42	2.66615
172.671	2.36828
172.923	2.71009
173.175	2.67591
173.426	2.48059
173.678	2.18761
173.93	2.00205
174.181	2.23155
174.433	2.13878
174.685	2.45617
174.936	2.07041
175.188	2.75892
175.44	2.5343
175.692	2.0167
175.943	1.9874
176.195	2.20714
176.447	2.33898
176.698	2.36828
176.95	2.50012
177.202	2.2755
177.453	2.02647
177.705	2.22667
177.957	2.42199
178.208	2.10459
178.46	1.90927
178.712	2.33898
178.963	2.25109
179.215	2.33898
179.467	2.19249
179.718	2.2755
179.97	2.13389
180.222	2.10948
180.473	1.97764
180.725	2.14366
180.977	1.76278
181.228	2.5929
181.48	2.29992
181.732	2.23644
181.984	2.09483
182.235	2.28038
182.487	2.08018
182.739	2.37805
182.99	1.96787
183.242	2.56848
183.494	2.35363
183.745	2.0753
183.997	2.2462
184.249	2.05576
184.5	1.96787
184.752	2.35363
185.004	2.25597
185.255	1.86044
185.507	2.25597
185.759	2.38781
186.01	2.09483
186.262	2.09971
186.514	2.05088
186.765	2.37316
187.017	2.11436
187.269	2.07041
187.52	2.08506
187.772	1.85068
188.024	2.25597
188.276	2.2755
188.527	2.26085
188.779	1.89951
189.031	2.16319
189.282	2.10459
189.534	2.14854
189.786	2.32922
190.037	2.18761
190.289	2.29015
190.541	1.87021
190.792	2.38293
191.044	2.40734
191.296	1.87509
191.547	2.3341
191.799	2.02158
192.051	2.10948
192.302	2.49036
192.554	2.19249
192.806	2.18272
193.057	2.29992
193.309	1.57234
193.561	2.10459
193.812	1.94834
194.064	2.09971
194.316	2.04112
194.568	2.15831
194.819	2.28527
195.071	2.15343
195.323	2.28527
195.574	2.10948
195.826	1.93857
196.078	1.87997
196.329	1.90439
196.581	1.94834
196.833	2.23155
197.084	2.05088
197.336	2.18272
197.588	2.37316
197.839	2.02158
198.091	1.71395
198.343	2.19249
198.594	2.13389
198.846	1.95322
199.098	1.82626
199.349	2.09971
199.601	1.99717
199.853	1.87509
200.104	1.97764
200.356	2.26574
200.608	1.75302
200.86	2.12413
201.111	2.00205
201.363	1.82626
201.615	1.90927
201.866	1.69442
202.118	2.10459
202.37	1.98252
202.621	1.73348
202.873	2.12901
203.125	2.00693
203.376	1.84579
203.628	2.43664
203.88	2.15831
204.131	2.14366
204.383	2.08506
204.635	2.35363
204.886	1.70907
205.138	2.26574
205.39	2.19249
205.641	2.57825
205.893	1.76278
206.145	2.10948
206.396	1.87997
206.648	2.3341
206.9	2.32433
207.152	1.98252
207.403	2.08506
207.655	1.57723
207.907	1.87021
208.158	1.93857
208.41	2.08506
208.662	2.37316
208.913	2.2755
209.165	1.99228
209.417	1.88486
209.668	1.84091
209.92	1.91904
210.172	1.92392
210.423	1.82138
210.675	1.97764
210.927	1.85556
211.178	2.20714
211.43	2.12413
211.682	1.63582
211.933	1.94834
212.185	1.82138
212.437	1.89951
212.688	1.88974
212.94	2.05576
213.192	1.97275
213.444	2.13878
213.695	1.91904
213.947	1.80673
214.199	1.79208
214.45	2.23155
214.702	2.16807
214.954	1.96299
215.205	1.76278
215.457	1.82626
215.709	1.72372
215.96	2.05088
216.212	1.95322
216.464	1.94834
216.715	1.92881
216.967	2.20226
217.219	2.0753
217.47	2.00205
217.722	1.73348
217.974	2.09971
218.225	2.71009
218.477	1.96299
218.729	1.85068
218.98	2.0753
219.232	1.83114
219.484	1.46003
219.736	2.01182
219.987	1.35261
220.239	1.45515
220.491	1.80673
220.742	2.18761
220.994	1.9581
221.246	1.93857
221.497	1.76278
221.749	2.0753
222.001	1.66512
222.252	1.83603
222.504	1.97275
222.756	1.88486
223.007	1.99228
223.259	1.81649
223.511	1.92392
223.762	1.64559
224.014	1.55281
224.266	2.06553
224.517	1.79696
224.769	1.87021
225.021	1.83114
225.272	2.15831
225.524	2.00205
225.776	1.81649
226.028	1.93369
226.279	2.08995
226.531	1.54304
226.783	1.49421
227.034	1.77255
227.286	1.65535
227.538	2.22179
227.789	2.20714
228.041	2.04112
228.293	1.82138
228.544	1.50398
228.796	1.99228
229.048	1.88974
229.299	1.94834
229.551	1.93857
229.803	1.95322
230.054	2.17784
230.306	2.2755
230.558	1.72372
230.809	1.62117
231.061	1.91904
231.313	1.9874
231.564	2.046
231.816	1.68465
232.068	2.20226
232.32	2.08506
232.571	1.92881
232.823	1.73348
233.075	1.4112
233.326	2.08995
233.578	1.84579
233.83	1.64071
234.081	1.90439
234.333	1.6993
234.585	1.71395
234.836	1.96787
235.088	2.08995
235.34	1.61141
235.591	1.99717
235.843	1.86533
236.095	1.4991
236.346	1.7579
236.598	1.99228
236.85	1.92392
237.101	1.68465
237.353	1.92392
237.605	1.82626
237.856	1.28424
238.108	1.95322
238.36	1.7579
238.612	1.46003
238.863	1.91904
239.115	1.7579
239.367	1.54793
239.618	1.7579
239.87	1.45515
240.122	1.92881
240.373	1.80185
240.625	1.93369
240.877	1.70418
241.128	1.70418
241.38	1.87021
241.632	1.88974
241.883	1.76766
242.135	1.69442
242.387	1.92392
242.638	1.61629
242.89	1.88486
243.142	1.81161
243.393	2.05088
243.645	1.82626
243.897	1.30377
244.148	1.51863
244.4	1.94345
244.652	1.82626
244.904	1.59187
245.155	1.56746
245.407	2.00693
245.659	1.84579
245.91	1.77255
246.162	1.86533
246.414	1.83603
246.665	1.61141
246.917	1.54793
247.169	1.62117
247.42	2.20714
247.672	1.71883
247.924	1.62606
248.175	1.66024
248.427	1.68465
248.679	1.68954
248.93	1.65047
249.182	1.90927
249.434	1.60652
249.685	1.59676
249.937	1.51375
250.189	1.49421
250.44	1.78231
250.692	1.53816
250.944	1.64071
251.196	1.76766
251.447	1.49421
251.699	1.82138
251.951	1.80185
252.202	1.79208
252.454	1.67977
252.706	1.56746
252.957	1.92881
253.209	1.40144
253.461	2.14366
253.712	2.01182
253.964	1.52839
254.216	1.7872
254.467	1.57723
254.719	1.65535
254.971	1.67489
255.222	2.07041
255.474	1.91416
255.726	1.4112
255.977	1.6993
256.229	1.6993
256.481	1.64559
256.732	1.87509
256.984	1.79696
257.236	1.62606
257.488	1.70418
257.739	1.52351
257.991	1.73348
258.243	1.96787
258.494	1.53328
258.746	1.76766
258.998	1.73837
259.249	1.6993
259.501	1.72372
259.753	1.64071
260.004	1.95322
260.256	1.77255
260.508	1.61141
260.759	1.74813
261.011	1.57234
261.263	1.37702
261.514	1.87021
261.766	1.73348
262.018	1.49421
262.269	1.71395
262.521	1.76766
262.773	1.74813
263.024	1.53816
263.276	1.7872
263.528	1.48445
263.78	1.58699
264.031	1.71395
264.283	1.59187
264.535	1.88974
264.786	1.49421
265.038	1.9581
265.29	1.57234
265.541	1.52839
265.793	1.99717
266.045	1.71395
266.296	1.80673
266.548	1.74325
266.8	1.67977
267.051	1.73348
267.303	1.34284
267.555	1.70907
267.806	1.72372
268.058	1.70418
268.31	1.79208
268.561	1.65535
268.813	1.56258
269.065	1.80185
269.316	1.77743
269.568	1.39167
269.82	1.85068
270.072	1.52351
270.323	1.32331
270.575	1.61629
270.827	1.7579
271.078	1.4405
271.33	1.67489
271.582	1.54304
271.833	1.6993
272.085	1.33307
272.337	1.55281
272.588	1.70418
272.84	1.3819
273.092	1.96787
273.343	1.75302
273.595	1.81161
273.847	1.58211
274.098	1.59187
274.35	1.57723
274.602	1.93369
274.853	2.29992
275.105	1.3819
275.357	1.69442
275.608	1.68954
275.86	1.52839
276.112	1.23541
276.364	1.50886
276.615	1.44538
276.867	1.51863
277.119	1.34772
277.37	1.77255
277.622	1.67489
277.874	1.36237
278.125	1.94345
278.377	1.79696
278.629	1.7579
278.88	1.43562
279.132	1.90927
279.384	1.94834
279.635	1.69442
279.887	1.73837
280.139	1.48933
280.39	1.63582
280.642	1.74325
280.894	1.74813
281.145	1.40632
281.397	1.57234
281.649	1.31354
281.9	1.45515
282.152	1.67489
282.404	1.48933
282.656	1.85556
282.907	1.59676
283.159	1.84091
283.411	1.64559
283.662	1.72372
283.914	1.67489
284.166	1.71395
284.417	1.79696
284.669	1.73348
284.921	1.32331
285.172	1.39655
285.424	1.44538
285.676	1.39655
285.927	1.94834
286.179	1.48933
286.431	1.61629
286.682	1.33796
286.934	1.36725
287.186	1.65535
287.437	1.35749
287.689	1.57723
287.941	1.55769
288.192	1.52839
288.444	1.86533
288.696	2.05576
288.948	1.36237
289.199	1.33796
289.451	1.64071
289.703	1.41608
289.954	1.47956
290.206	1.66024
290.458	1.63582
290.709	1.51863
290.961	1.74325
291.213	1.79696
291.464	1.74325
291.716	1.65047
291.968	1.6993
292.219	1.52839
292.471	1.78231
292.723	1.46492
292.974	1.76278
293.226	1.49421
293.478	1.58699
293.729	1.60652
293.981	1.62606
294.233	1.42097
294.484	1.93857
294.736	1.36237
294.988	1.48445
295.24	1.04497
295.491	1.44538
295.743	2.03135
295.995	1.62117
296.246	1.4991
296.498	1.80673
296.75	1.47468
297.001	1.55769
297.253	1.90439
297.505	1.45515
297.756	1.55769
298.008	1.75302
298.26	1.48445
298.511	1.59187
298.763	1.34284
299.015	1.75302
299.266	1.51863
299.518	1.83603
299.77	1.63094
300.021	1.53328
300.273	1.51863
300.525	1.30866
300.776	1.71883
301.028	1.55281
301.28	1.11334
301.532	1.73348
301.783	1.61141
302.035	1.56746
302.287	1.39167
302.538	1.49421
302.79	1.42585
303.042	1.67489
303.293	1.53328
303.545	1.30377
303.797	1.66024
304.048	1.56258
304.3	1.25494
304.552	1.40632
304.803	1.44538
305.055	1.63582
305.307	1.52351
305.558	1.7579
305.81	1.64071
306.062	1.42097
306.313	1.57723
306.565	1.51863
306.817	1.33307
307.068	1.30866
307.32	1.77255
307.572	1.89951
307.824	1.53328
308.075	1.62606
308.327	1.31842
308.579	1.59187
308.83	1.31842
309.082	1.65535
309.334	1.43562
309.585	1.33307
309.837	1.41608
310.089	1.27936
310.34	1.19146
310.592	1.50886
310.844	1.64071
311.095	1.50886
311.347	1.44538
311.599	1.95322
311.85	0.971727
312.102	1.38679
312.354	1.58699
312.605	1.08404
312.857	1.60164
313.109	1.61141
313.36	1.40144
313.612	1.54304
313.864	1.53816
314.116	1.32819
314.367	1.35261
314.619	1.69442
314.871	1.42585
315.122	1.32331
315.374	1.46492
315.626	1.33307
315.877	1.18658
316.129	1.71395
316.381	1.59676
316.632	1.39167
316.884	1.45027
317.136	1.50398
317.387	1.62117
317.639	1.39167
317.891	1.66512
318.142	1.58699
318.394	1.43073
318.646	1.4991
318.897	1.15728
319.149	1.40144
319.401	1.44538
319.652	1.16217
319.904	1.49421
320.156	1.43073
320.408	1.39655
320.659	1.28913
320.911	1.65535
321.163	1.34772
321.414	1.45027
321.666	1.33307
321.918	1.52351
322.169	1.53816
322.421	1.57234
322.673	1.44538
322.924	1.59187
323.176	1.56258
323.428	1.55769
323.679	1.54304
323.931	1.20611
324.183	1.27936
324.434	1.36725
324.686	1.01079
324.938	1.64559
325.189	1.35261
325.441	1.40144
325.693	1.81161
325.944	1.46003
326.196	1.53816
326.448	1.4405
326.7	1.50886
326.951	1.6993
327.203	1.4405
327.455	1.46003
327.706	1.58211
327.958	1.43073
328.21	1.68465
328.461	1.64559
328.713	1.18658
328.965	1.45515
329.216	1.15728
329.468	1.4991
329.72	1.74813
329.971	1.52839
330.223	1.50398
330.475	1.54793
330.726	1.21588
330.978	1.57723
331.23	1.22076
331.481	1.07427
331.733	1.74813
331.985	1.40144
332.236	1.37702
332.488	1.45027
332.74	1.65047
332.992	1.35749
333.243	1.28913
333.495	1.57234
333.747	1.58211
333.998	1.46492
334.25	1.71883
334.502	1.25494
334.753	1.37702
335.005	1.39655
335.257	1.17193
335.508	1.24029
335.76	1.56746
336.012	1.11822
336.263	1.20123
336.515	1.51863
336.767	1.35261
337.018	1.08404
337.27	1.48933
337.522	1.69442
337.773	1.32331
338.025	1.18658
338.277	1.62117
338.528	1.03521
338.78	1.00591
339.032	1.63582
339.284	1.00591
339.535	1.59676
339.787	1.34284
340.039	1.47956
340.29	1.20611
340.542	1.51863
340.794	1.44538
341.045	1.50398
341.297	1.46492
341.549	1.19146
341.8	1.40632
342.052	1.43562
342.304	1.20611
342.555	1.79208
342.807	1.36725
343.059	1.44538
343.31	1.29401
343.562	1.14752
343.814	1.22076
344.065	1.27936
344.317	1.42585
344.569	1.3819
344.82	1.19146
345.072	1.50886
345.324	1.4405
345.576	1.04986
345.827	0.947312
346.079	1.3819
346.331	1.25983
346.582	1.1231
346.834	1.32819
347.086	1.4991
347.337	1.41608
347.589	1.3819
347.841	1.60652
348.092	1.37214
348.344	1.40144
348.596	1.13287
348.847	1.39655
349.099	1.66024
349.351	1.63094
349.602	1.31354
349.854	1.35261
350.106	1.33796
350.357	1.4698
350.609	1.80185
350.861	1.32819
351.112	1.03521
351.364	1.35261
351.616	1.63582
351.868	1.48445
352.119	1.27448
352.371	1.60652
352.623	1.42097
352.874	1.4112
353.126	1.1817
353.378	1.01079
353.629	1.18658
353.881	1.26471
354.133	1.34284
354.384	1.33307
354.636	1.10845
354.888	1.25006
355.139	1.37702
355.391	1.6993
355.643	1.43562
355.894	1.44538
356.146	1.55769
356.398	1.42097
356.649	1.83114
356.901	1.55281
357.153	1.29401
357.404	1.22076
357.656	1.22076
357.908	1.20611
358.16	1.59187
358.411	1.62606
358.663	1.26471
358.915	1.31354
359.166	1.4405
359.418	1.23053
359.67	1.25494
359.921	1.70418
360.173	1.28424
360.425	1.13775
360.676	1.20123
360.928	1.26471
361.18	1.54793
361.431	1.30377
361.683	1.45515
361.935	1.30866
362.186	1.26959
362.438	1.28913
362.69	1.39655
362.941	1.27448
363.193	1.33307
363.445	1.47468
363.696	1.1817
363.948	1.46492
364.2	1.57234
364.452	1.61141
364.703	1.39655
364.955	1.58699
365.207	1.50886
365.458	1.40632
365.71	1.49421
365.962	1.35749
366.213	1.51863
366.465	1.27448
366.717	1.46003
366.968	1.35749
367.22	1.32819
367.472	1.4112
367.723	1.4405
367.975	1.54793
368.227	1.17682
368.478	1.27936
368.73	1.25494
368.982	1.14752
369.233	1.30377
369.485	1.28424
369.737	1.04986
369.988	1.42585
370.24	1.08404
370.492	1.39655
370.744	1.53816
370.995	1.48445
371.247	1.4112
371.499	1.25006
371.75	1.22076
372.002	1.14752
372.254	1.1231
372.505	1.1817
372.757	1.26471
373.009	1.30866
373.26	1.48933
373.512	1.13287
373.764	1.42585
374.015	1.54304
374.267	1.25983
374.519	1.11822
374.77	1.34772
375.022	1.6993
375.274	1.17682
375.525	1.04986
375.777	1.42585
376.029	1.51375
376.28	1.03521
376.532	1.30866
376.784	1.44538
377.036	1.36725
377.287	1.29889
377.539	1.16217
377.791	1.16217
378.042	1.26471
378.294	1.32819
378.546	1.39655
378.797	0.937546
379.049	1.28913
379.301	1.02056
379.552	1.38679
379.804	1.40144
380.056	1.79696
380.307	1.18658
380.559	1.47468
380.811	1.08892
381.062	1.35749
381.314	1.13775
381.566	1.27448
381.817	0.947312
382.069	1.23053
382.321	1.4698
382.572	1.48445
382.824	1.27936
383.076	1.52839
383.328	1.34772
383.579	1.13775
383.831	1.31842
384.083	1.30377
384.334	1.25983
384.586	1.01079
384.838	1.29401
385.089	1.26959
385.341	1.27936
385.593	1.14752
385.844	1.4112
386.096	1.27448
386.348	1.19635
386.599	1.44538
386.851	1.02544
387.103	1.03521
387.354	1.15728
387.606	1.42097
387.858	0.888715
388.109	1.41608
388.361	1.37214
388.613	1.34772
388.864	1.42585
389.116	1.34772
389.368	1.3819
389.62	1.28913
389.871	1.04497
390.123	1.23541
390.375	1.27936
390.626	1.38679
390.878	1.39655
391.13	1.1524
391.381	1.51375
391.633	1.36237
391.885	1.26959
392.136	1.30866
392.388	1.25494
392.64	1.27448
392.891	1.19635
393.143	0.839885
393.395	1.28424
393.646	1.02056
393.898	1.28913
394.15	0.859417
394.401	1.20611
394.653	1.22076
394.905	1.60652
395.156	1.08892
395.408	1.56258
395.66	1.15728
395.912	1.4991
396.163	1.45027
396.415	1.50886
396.667	0.81547
396.918	1.08404
397.17	1.42585
397.422	0.986376
397.673	1.23053
397.925	1.42097
398.177	1.42097
398.428	1.1817
398.68	1.39655
398.932	1.41608
399.183	1.19146
399.435	1.65535
399.687	1.07915
399.938	1.1231
400.19	1.31354
400.442	1.53328
400.693	1.17682
400.945	1.11822
401.197	1.25983
401.448	1.4405
401.7	1.53816
401.952	1.40632
402.204	1.42585
402.455	1.24518
402.707	1.65535
402.959	1.20611
403.21	1.1524
403.462	1.10357
403.714	1.08892
403.965	1.02544
404.217	1.45027
404.469	1.60164
404.72	1.56746
404.972	1.80185
405.224	1.26959
405.475	1.59676
405.727	1.14263
405.979	1.02544
406.23	1.48445
406.482	1.32331
406.734	1.19635
406.985	1.16217
407.237	1.08404
407.489	1.20611
407.74	1.39167
407.992	1.28913
408.244	1.55769
408.496	1.34772
408.747	1.36725
408.999	1.37214
409.251	1.36237
409.502	0.986376
409.754	1.27448
410.006	1.07915
410.257	1.32819
410.509	1.30866
410.761	1.09869
411.012	1.12798
411.264	1.49421
411.516	0.932663
411.767	1.35749
412.019	1.09869
412.271	0.810586
412.522	1.38679
412.774	1.00103
413.026	1.20123
413.277	1.29401
413.529	1.1817
413.781	1.49421
414.032	1.34284
414.284	1.19146
414.536	1.14263
414.788	1.18658
415.039	1.45515
415.291	1.50398
415.543	1.1231
415.794	0.874066
416.046	1.20611
416.298	1.4405
416.549	1.50886
416.801	1.1231
417.053	1.04009
417.304	0.932663
417.556	1.25983
417.808	1.13775
418.059	1.25494
418.311	1.33307
418.563	0.844768
418.814	1.37702
419.066	1.01079
419.318	1.47956
419.569	1.19146
419.821	1.45027
420.073	1.22076
420.324	1.52839
420.576	1.26471
420.828	1.30866
421.08	1.50398
421.331	1.50398
421.583	1.66024
421.835	1.13287
422.086	1.19635
422.338	0.947312
422.59	0.942429
422.841	1.09869
423.093	0.634797
423.345	1.1524
423.596	1.05962
423.848	0.991259
424.1	1.71395
424.351	1.05474
424.603	1.31842
424.855	1.22076
425.106	1.37214
425.358	1.32819
425.61	1.29401
425.861	1.46492
426.113	1.211
426.365	1.20611
426.616	1.32331
426.868	1.16705
427.12	1.26471
427.372	1.25983
427.623	1.27936
427.875	1.31842
428.127	1.211
428.378	0.869183
428.63	0.859417
428.882	1.09869
429.133	1.34772
429.385	1.22565
429.637	0.869183
429.888	1.44538
430.14	1.42097
430.392	1.16217
430.643	0.947312
430.895	1.55769
431.147	1.61141
431.398	1.32331
431.65	1.31842
431.902	1.0938
432.153	1.10845
432.405	1.04497
432.657	1.04009
432.908	1.4405
433.16	1.05474
433.412	1.09869
433.664	1.0938
433.915	1.04009
434.167	1.20611
434.419	1.20611
434.67	1.25006
434.922	1.42585
435.174	1.13775
435.425	1.44538
435.677	1.15728
435.929	1.31842
436.18	1.51863
436.432	1.18658
436.684	1.24029
436.935	1.82626
437.187	1.24518
437.439	1.24518
437.69	0.888715
437.942	1.22565
438.194	0.947312
438.445	1.56258
438.697	1.19146
438.949	1.67977
439.2	1.29889
439.452	1.04986
439.704	0.961961
439.956	0.869183
440.207	1.09869
440.459	1.01079
440.711	1.47468
440.962	1.23053
441.214	1.34772
441.466	1.211
441.717	1.32819
441.969	1.08892
442.221	1.3819
442.472	1.07427
442.724	0.942429
442.976	1.1524
443.227	1.29401
443.479	1.46492
443.731	1.69442
443.982	1.45027
444.234	1.26959
444.486	1.32331
444.737	1.21588
444.989	1.24518
445.241	1.22076
445.492	1.57723
445.744	1.4405
445.996	1.32819
446.248	0.844768
446.499	1.1817
446.751	0.952195
447.003	1.10845
447.254	1.32819
447.506	1.38679
447.758	0.859417
448.009	1.56258
448.261	1.4112
448.513	1.29401
448.764	1.45515
449.016	1.29889
449.268	1.4112
449.519	1.05474
449.771	1.56258
450.023	0.961961
450.274	1.42097
450.526	1.11334
450.778	1.05962
451.029	1.03521
451.281	0.761756
451.533	1.09869
451.784	1.12798
452.036	1.23053
452.288	1.26959
452.54	0.81547
452.791	1.42585
453.043	1.20123
453.295	1.46003
453.546	1.26471
453.798	1.61141
454.05	1.19635
454.301	1.07915
454.553	1.37702
454.805	1.13287
455.056	1.08892
455.308	1.15728
455.56	1.26959
455.811	1.0938
456.063	1.02056
456.315	1.16217
456.566	1.02544
456.818	0.971727
457.07	1.27448
457.321	1.13287
457.573	1.00103
457.825	1.29401
458.076	1.33307
458.328	1.41608
458.58	1.19635
458.832	0.859417
459.083	1.11334
459.335	0.952195
459.587	1.24029
459.838	1.26959
460.09	0.952195
460.342	0.903364
460.593	1.12798
460.845	1.25983
461.097	1.21588
461.348	1.15728
461.6	1.24518
461.852	1.62117
462.103	1.17682
462.355	0.859417
462.607	1.32331
462.858	1.23053
463.11	1.25494
463.362	0.97661
463.613	1.31354
463.865	1.25006
464.117	1.12798
464.368	0.952195
464.62	1.26959
464.872	0.957078
465.124	1.15728
465.375	1.1231
465.627	0.991259
465.879	1.08892
466.13	1.14263
466.382	0.825236
466.634	0.683627
466.885	1.20611
467.137	1.22076
467.389	1.25006
467.64	0.781288
467.892	0.986376
468.144	0.991259
468.395	1.26471
468.647	1.13287
468.899	1.02544
469.15	0.92778
469.402	0.966844
469.654	1.25494
469.905	0.981493
470.157	1.08404
470.409	1.31354
470.66	0.996142
470.912	1.22565
471.164	1.24029
471.416	0.839885
471.667	1.43073
471.919	1.24518
472.171	1.25983
472.422	1.25494
472.674	1.01567
472.926	1.05962
473.177	0.971727
473.429	1.22565
473.681	1.23053
473.932	1.1817
474.184	1.26471
474.436	0.888715
474.687	0.937546
474.939	1.09869
475.191	1.17193
475.442	0.92778
475.694	0.869183
475.946	1.51863
476.197	1.52351
476.449	0.732458
476.701	1.33307
476.952	1.13287
477.204	1.14263
477.456	1.17193
477.708	0.981493
477.959	1.04986
478.211	1.04009
478.463	1.02544
478.714	0.966844
478.966	1.08404
479.218	1.17193
479.469	0.717808
479.721	0.996142
479.973	0.854534
480.224	1.00591
480.476	0.937546
480.728	1.07427
480.979	1.30377
481.231	1.19635
481.483	1.47956
481.734	1.14752
481.986	1.08892
482.238	1.03032
482.489	1.24029
482.741	1.10845
482.993	1.24518
483.244	1.46492
483.496	1.14752
483.748	0.996142
484	0.952195
484.251	0.698276
484.503	0.898481
484.755	1.35749
485.006	0.991259
485.258	1.4698
485.51	1.20611
485.761	1.30866
486.013	1.19146
486.265	1.12798
486.516	1.19146
486.768	0.92778
487.02	1.4405
487.271	1.32331
487.523	0.786171
487.775	1.14263
488.026	1.35261
488.278	1.17682
488.53	1.40632
488.781	0.791054
489.033	1.04009
489.285	1.29889
489.536	0.932663
489.788	1.39167
490.04	0.922897
490.292	0.947312
490.543	1.55769
490.795	1.1231
491.047	1.22565
491.298	0.761756
491.55	0.947312
491.802	1.05474
492.053	1.0938
492.305	1.27936
492.557	1.35261
492.808	1.20123
493.06	0.781288
493.312	1.15728
493.563	0.839885
493.815	1.16217
494.067	1.10357
494.318	1.16705
494.57	1.211
494.822	1.19146
495.073	0.986376
495.325	0.668978
495.577	1.05474
495.828	0.874066
496.08	1.11822
496.332	0.942429
496.584	1.14752
496.835	1.06939
497.087	1.09869
497.339	1.1524
497.59	0.942429
497.842	1.07915
498.094	1.40632
498.345	0.952195
498.597	1.03032
498.849	1.26959
499.1	0.918014
499.352	1.05962
499.604	1.25494
499.855	0.791054
500.107	1.20123
500.359	0.981493
500.61	1.25006
500.862	1.17682
501.114	0.634797
501.365	1.08892
501.617	0.937546
501.869	1.08892
502.12	1.44538
502.372	1.27448
502.624	1.16705
502.876	1.00591
503.127	1.03032
503.379	1.1524
503.631	1.18658
503.882	1.37702
504.134	1.17193
504.386	1.33307
504.637	0.859417
504.889	1.29889
505.141	0.854534
505.392	0.805703
505.644	0.966844
505.896	0.664095
506.147	0.854534
506.399	0.991259
506.651	1.05962
506.902	1.25006
507.154	0.888715
507.406	1.03032
507.657	1.05474
507.909	0.986376
508.161	1.46492
508.412	1.02544
508.664	1.24029
508.916	1.28913
509.168	0.874066
509.419	1.20123
509.671	1.27448
509.923	1.20611
510.174	1.06939
510.426	1.03032
510.678	1.00103
510.929	0.991259
511.181	0.869183
511.433	1.10357
511.684	1.05962
511.936	1.0938
512.188	1.06939
512.439	0.981493
512.691	1.13775
512.943	0.839885
513.194	0.786171
513.446	1.04009
513.698	0.957078
513.949	1.34772
514.201	1.02544
514.453	1.18658
514.704	0.844768
514.956	0.888715
515.208	1.0938
515.46	1.22076
515.711	1.0938
515.963	0.8643
516.215	1.10845
516.466	1.29401
516.718	1.25006
516.97	0.986376
517.221	1.22076
517.473	0.898481
517.725	0.830119
517.976	1.06939
518.228	0.712925
518.48	0.830119
518.731	0.991259
518.983	1.30866
519.235	0.81547
519.486	1.13775
519.738	1.1524
519.99	1.55281
520.241	1.19635
520.493	1.31842
520.745	0.80082
520.996	0.449241
521.248	0.742224
521.5	0.922897
521.752	0.913131
522.003	1.26471
522.255	1.08404
522.507	0.942429
522.758	0.908247
523.01	0.957078
523.262	1.02544
523.513	0.776405
523.765	1.08892
524.017	1.19146
524.268	1.06451
524.52	1.29401
524.772	1.36237
525.023	1.30377
525.275	0.996142
525.527	0.92778
525.778	0.932663
526.03	0.825236
526.282	0.81547
526.533	1.10845
526.785	1.21588
527.037	1.18658
527.288	0.844768
527.54	1.35261
527.792	0.854534
528.044	1.04009
528.295	1.1817
528.547	1.45027
528.799	0.717808
529.05	1.25983
529.302	0.893598
529.554	0.92778
529.805	0.820353
530.057	1.24518
530.309	1.16705
530.56	0.732458
530.812	0.844768
531.064	1.17682
531.315	0.854534
531.567	1.01079
531.819	0.664095
532.07	0.942429
532.322	1.07427
532.574	0.961961
532.825	1.07915
533.077	0.996142
533.329	1.32819
533.58	0.644563
533.832	0.893598
534.084	0.947312
534.336	1.00103
534.587	1.35749
534.839	1.0938
535.091	1.04986
535.342	0.893598
535.594	0.883832
535.846	1.01079
536.097	1.08892
536.349	0.942429
536.601	0.952195
536.852	0.961961
537.104	1.08404
537.356	0.805703
537.607	0.97661
537.859	1.30866
538.111	1.11822
538.362	1.01567
538.614	0.839885
538.866	1.46003
539.117	0.883832
539.369	1.0938
539.621	1.16217
539.872	1.11334
540.124	0.92778
540.376	1.09869
540.628	1.23541
540.879	0.97661
541.131	0.97661
541.383	0.673861
541.634	1.22076
541.886	1.22076
542.138	0.810586
542.389	0.971727
542.641	1.00103
542.893	0.952195
543.144	1.25494
543.396	1.1231
543.648	0.805703
543.899	0.898481
544.151	1.08404
544.403	0.913131
544.654	0.571317
544.906	0.825236
545.158	1.17193
545.409	1.03521
545.661	0.966844
545.913	0.986376
546.164	1.16217
546.416	0.986376
546.668	1.24518
546.92	1.25983
547.171	1.41608
547.423	1.01079
547.675	1.10845
547.926	1.16705
548.178	1.01567
548.43	0.947312
548.681	1.30377
548.933	1.36725
549.185	1.03032
549.436	1.13287
549.688	0.986376
549.94	1.26959
550.191	0.786171
550.443	1.02056
550.695	1.06451
550.946	0.957078
551.198	1.24029
551.45	0.874066
551.701	0.903364
551.953	1.02544
552.205	1.07427
552.456	1.29401
552.708	1.11822
552.96	1.25006
553.212	1.00103
553.463	1.16705
553.715	0.986376
553.967	1.36237
554.218	0.835002
554.47	0.903364
554.722	1.00103
554.973	1.13775
555.225	1.04009
555.477	1.09869
555.728	1.13775
555.98	0.8643
556.232	0.756873
556.483	0.849651
556.735	0.947312
556.987	1.01567
557.238	1.32819
557.49	0.922897
557.742	1.36237
557.993	1.25494
558.245	1.31354
558.497	1.09869
558.748	1.35261
559	0.893598
559.252	0.996142
559.504	0.908247
559.755	1.0938
560.007	1.06939
560.259	0.683627
560.51	1.02544
560.762	0.712925
561.014	1.02544
561.265	0.932663
561.517	1.06451
561.769	0.8643
562.02	1.24518
562.272	1.27448
562.524	0.913131
562.775	1.27936
563.027	0.981493
563.279	1.03032
563.53	1.01567
563.782	0.590849
564.034	0.986376
564.285	1.04009
564.537	1.01079
564.789	0.835002
565.04	0.961961
565.292	1.05474
565.544	0.722692
565.796	1.02544
566.047	1.24518
566.299	1.17193
566.551	0.830119
566.802	0.942429
567.054	1.10357
567.306	0.600615
567.557	1.06451
567.809	0.80082
568.061	0.644563
568.312	0.908247
568.564	1.23053
568.816	0.825236
569.067	0.952195
569.319	0.839885
569.571	0.966844
569.822	1.12798
570.074	1.12798
570.326	0.996142
570.577	0.844768
570.829	1.27448
571.081	0.913131
571.332	0.678744
571.584	0.849651
571.836	1.09869
572.088	1.18658
572.339	0.703159
572.591	1.33796
572.843	1.04497
573.094	0.8643
573.346	0.732458
573.598	1.09869
573.849	0.971727
574.101	0.761756
574.353	1.16217
574.604	0.605498
574.856	1.04009
575.108	0.732458
575.359	1.16217
575.611	0.996142
575.863	0.947312
576.114	0.937546
576.366	1.1524
576.618	1.07427
576.869	1.1231
577.121	0.903364
577.373	0.810586
577.624	0.913131
577.876	1.20611
578.128	0.708042
578.38	1.1817
578.631	0.97661
578.883	0.712925
579.135	1.1817
579.386	0.991259
579.638	0.835002
579.89	0.844768
580.141	0.654329
580.393	0.913131
580.645	0.932663
580.896	0.703159
581.148	0.839885
581.4	0.888715
581.651	0.918014
581.903	0.986376
582.155	0.732458
582.406	0.903364
582.658	1.15728
582.91	1.27448
583.161	0.893598
583.413	0.668978
583.665	0.791054
583.916	0.620147
584.168	1.19146
584.42	0.908247
584.672	0.937546
584.923	0.97661
585.175	0.874066
585.427	1.1231
585.678	0.52737
585.93	1.24518
586.182	0.859417
586.433	1.07427
586.685	0.810586
586.937	1.28424
587.188	1.39655
587.44	1.22076
587.692	0.8643
587.943	0.883832
588.195	0.922897
588.447	0.957078
588.698	1.03521
588.95	0.805703
589.202	0.820353
589.453	0.859417
589.705	1.02544
589.957	0.893598
590.208	1.28913
590.46	1.21588
590.712	1.23541
590.964	0.991259
591.215	1.32819
591.467	0.830119
591.719	0.898481
591.97	0.932663
592.222	0.869183
592.474	1.04009
592.725	1.26471
592.977	0.932663
593.229	1.03521
593.48	1.31354
593.732	0.874066
593.984	1.1817
594.235	0.595732
594.487	1.35749
594.739	0.722692
594.99	1.05962
595.242	1.06939
595.494	0.703159
595.745	1.03521
595.997	0.830119
596.249	0.991259
596.5	1.0938
596.752	0.791054
597.004	1.17193
597.256	1.09869
597.507	1.1231
597.759	1.09869
598.011	0.737341
598.262	0.732458
598.514	1.15728
598.766	0.937546
599.017	1.00103
599.269	1.33796
599.521	1.04986
599.772	0.849651
600.024	1.03032
600.276	0.937546
600.527	1.12798
600.779	1.15728
601.031	0.830119
601.282	1.06451
601.534	1.22076
601.786	1.04986
602.037	0.698276
602.289	0.942429
602.541	0.883832
602.792	0.981493
603.044	0.776405
603.296	0.92778
603.548	0.903364
603.799	1.07427
604.051	0.937546
604.303	0.937546
604.554	1.00591
604.806	1.00591
605.058	1.02056
605.309	0.903364
605.561	1.04009
605.813	1.01079
606.064	0.629914
606.316	0.68851
606.568	1.16705
606.819	0.986376
607.071	0.888715
607.323	1.02544
607.574	1.22076
607.826	0.844768
608.078	0.92778
608.329	0.81547
608.581	1.4405
608.833	1.01079
609.084	1.10357
609.336	0.981493
609.588	1.08892
609.84	0.957078
610.091	1.0938
610.343	0.922897
610.595	0.507837
610.846	0.874066
611.098	0.742224
611.35	1.05962
611.601	0.737341
611.853	0.727575
612.105	1.19146
612.356	1.08404
612.608	0.732458
612.86	1.1231
613.111	1.16217
613.363	0.908247
613.615	0.932663
613.866	0.918014
614.118	0.981493
614.37	0.92778
614.621	1.18658
614.873	1.15728
615.125	1.14752
615.376	1.26471
615.628	0.742224
615.88	1.00103
616.132	1.1817
616.383	0.883832
616.635	0.80082
616.887	1.18658
617.138	0.996142
617.39	0.473656
617.642	0.830119
617.893	1.09869
618.145	0.405293
618.397	0.80082
618.648	0.908247
618.9	1.07427
619.152	1.01079
619.403	1.04986
619.655	1.211
619.907	0.92778
620.158	1.00103
620.41	0.835002
620.662	0.874066
620.913	0.712925
621.165	1.00103
621.417	1.1231
621.668	1.08404
621.92	0.761756
622.172	1.32331
622.424	1.05474
622.675	0.419942
622.927	0.835002
623.179	1.04009
623.43	0.786171
623.682	1.17682
623.934	1.02056
624.185	0.5762
624.437	0.903364
624.689	1.24518
624.94	0.961961
625.192	0.820353
625.444	0.849651
625.695	1.05474
625.947	0.771522
626.199	1.01079
626.45	0.986376
626.702	1.21588
626.954	0.600615
627.205	0.747107
627.457	0.8643
627.709	1.26471
627.96	1.1231
628.212	1.02056
628.464	0.869183
628.716	0.737341
628.967	0.810586
629.219	1.211
629.471	1.04497
629.722	0.722692
629.974	1.04009
630.226	0.883832
630.477	0.839885
630.729	0.761756
630.981	0.717808
631.232	0.932663
631.484	0.957078
631.736	0.68851
631.987	1.01079
632.239	0.835002
632.491	0.913131
632.742	1.28913
632.994	1.07915
633.246	0.75199
633.497	1.02544
633.749	0.756873
634.001	0.996142
634.252	0.727575
634.504	0.937546
634.756	1.14263
635.008	0.805703
635.259	0.727575
635.511	0.698276
635.763	1.04986
636.014	0.810586
636.266	0.971727
636.518	0.820353
636.769	0.937546
637.021	0.80082
637.273	1.01079
637.524	0.781288
637.776	1.05474
638.028	1.01567
638.279	0.869183
638.531	1.24518
638.783	1.11334
639.034	0.52737
639.286	1.05474
639.538	0.922897
639.789	0.629914
640.041	1.08404
640.293	0.903364
640.544	1.02544
640.796	1.07427
641.048	0.903364
641.3	0.585966
641.551	1.00103
641.803	0.947312
642.055	0.859417
642.306	0.761756
642.558	0.878949
642.81	1.07427
643.061	0.625031
643.313	1.05962
643.565	1.14752
643.816	1.04986
644.068	0.35158
644.32	0.947312
644.571	1.08892
644.823	0.610381
645.075	0.766639
645.326	1.01079
645.578	0.429708
645.83	0.537136
646.081	0.756873
646.333	0.361346
646.585	1.05962
646.836	1.10845
647.088	1.07427
647.34	0.952195
647.592	0.835002
647.843	1.10845
648.095	1.07427
648.347	1.00103
648.598	0.859417
648.85	0.986376
649.102	0.981493
649.353	0.561551
649.605	0.908247
649.857	0.805703
650.108	0.766639
650.36	1.07915
650.612	0.844768
650.863	0.893598
651.115	0.747107
651.367	0.903364
651.618	0.75199
651.87	0.913131
652.122	0.869183
652.373	0.595732
652.625	0.727575
652.877	0.878949
653.128	0.991259
653.38	0.859417
653.632	0.703159
653.884	0.854534
654.135	0.756873
654.387	0.922897
654.639	0.561551
654.89	0.913131
655.142	0.664095
655.394	0.683627
655.645	0.756873
655.897	0.737341
656.149	0.971727
656.4	0.771522
656.652	1.07427
656.904	1.04497
657.155	1.1524
657.407	0.996142
657.659	1.04497
657.91	1.02544
658.162	0.874066
658.414	0.810586
658.665	0.737341
658.917	1.05474
659.169	1.02056
659.42	1.00103
659.672	0.820353
659.924	0.805703
660.176	1.14752
660.427	0.805703
660.679	0.781288
660.931	1.11334
661.182	1.20611
661.434	0.781288
661.686	1.09869
661.937	1.23541
662.189	0.708042
662.441	0.825236
662.692	0.820353
662.944	1.09869
663.196	1.06939
663.447	0.957078
663.699	1.04497
663.951	0.996142
664.202	0.424825
664.454	0.883832
664.706	1.13775
664.957	1.00103
665.209	1.32819
665.461	1.15728
665.712	1.14263
665.964	0.844768
666.216	0.737341
666.468	0.634797
666.719	1.06451
666.971	0.859417
667.223	0.756873
667.474	0.80082
667.726	1.47468
667.978	1.02056
668.229	0.708042
668.481	0.869183
668.733	0.820353
668.984	1.33307
669.236	0.786171
669.488	0.952195
669.739	0.610381
669.991	1.13775
670.243	0.835002
670.494	0.659212
670.746	0.810586
670.998	0.942429
671.249	1.23541
671.501	0.68851
671.753	0.737341
672.004	0.297866
672.256	1.14263
672.508	1.1524
672.76	0.620147
673.011	0.81547
673.263	0.629914
673.515	1.40144
673.766	0.747107
674.018	0.68851
674.27	0.712925
674.521	0.942429
674.773	0.708042
675.025	0.903364
675.276	1.11334
675.528	0.854534
675.78	0.629914
676.031	0.932663
676.283	0.795937
676.535	0.791054
676.786	0.747107
677.038	0.844768
677.29	1.13775
677.541	0.961961
677.793	0.957078
678.045	1.02544
678.296	0.668978
678.548	1.19146
678.8	0.918014
679.052	0.668978
679.303	0.585966
679.555	0.835002
679.807	0.883832
680.058	1.11334
680.31	0.922897
680.562	0.649446
680.813	0.854534
681.065	1.17682
681.317	0.844768
681.568	0.805703
681.82	0.75199
682.072	0.854534
682.323	1.14752
682.575	0.835002
682.827	0.961961
683.078	0.747107
683.33	0.986376
683.582	1.211
683.833	0.771522
684.085	0.571317
684.337	0.952195
684.588	0.932663
684.84	0.922897
685.092	1.17193
685.344	0.839885
685.595	1.22565
685.847	0.68851
686.099	1.16705
686.35	0.703159
686.602	0.844768
686.854	1.00103
687.105	1.07427
687.357	1.07915
687.609	0.830119
687.86	0.732458
688.112	0.913131
688.364	1.1524
688.615	0.737341
688.867	0.756873
689.119	0.776405
689.37	1.25006
689.622	1.49421
689.874	0.81547
690.125	0.756873
690.377	0.805703
690.629	0.712925
690.88	0.898481
691.132	1.1817
691.384	1.03521
691.636	0.918014
691.887	1.04009
692.139	0.561551
692.391	0.659212
692.642	0.75199
692.894	0.825236
693.146	1.11334
693.397	0.835002
693.649	0.922897
693.901	1.00591
694.152	0.908247
694.404	0.712925
694.656	0.908247
694.907	0.888715
695.159	0.449241
695.411	0.551785
695.662	0.97661
695.914	0.585966
696.166	1.16705
696.417	0.947312
696.669	1.08892
696.921	0.810586
697.172	0.493188
697.424	0.698276
697.676	0.922897
697.928	0.991259
698.179	0.957078
698.431	1.03032
698.683	1.07915
698.934	0.971727
699.186	1.10845
699.438	1.06451
699.689	0.903364
699.941	0.732458
700.193	0.63968
700.444	0.644563
700.696	0.644563
700.948	0.986376
701.199	0.712925
701.451	0.405293
701.703	0.874066
701.954	0.791054
702.206	0.727575
702.458	0.893598
702.709	1.10845
702.961	0.5762
703.213	1.00103
703.464	0.81547
703.716	1.06451
703.968	0.781288
704.22	0.908247
704.471	1.04986
704.723	0.903364
704.975	0.415059
705.226	0.620147
705.478	0.781288
705.73	0.615264
705.981	0.649446
706.233	0.991259
706.485	0.737341
706.736	0.805703
706.988	0.966844
707.24	0.820353
707.491	0.703159
707.743	0.805703
707.995	1.25006
708.246	0.810586
708.498	0.966844
708.75	0.473656
709.001	0.81547
709.253	0.883832
709.505	1.18658
709.756	0.732458
710.008	0.75199
710.26	0.737341
710.512	0.859417
710.763	0.727575
711.015	0.8643
711.267	1.33307
711.518	0.966844
711.77	0.63968
712.022	0.590849
712.273	0.673861
712.525	1.15728
712.777	0.859417
713.028	0.966844
713.28	0.634797
713.532	0.922897
713.783	0.703159
714.035	0.991259
714.287	0.835002
714.538	0.761756
714.79	0.922897
715.042	0.957078
715.293	0.869183
715.545	0.908247
715.797	0.473656
716.048	0.698276
716.3	0.913131
716.552	0.5762
716.804	1.19146
717.055	0.68851
717.307	1.09869
717.559	0.747107
717.81	0.805703
718.062	0.898481
718.314	0.51272
718.565	0.483422
718.817	0.678744
719.069	0.888715
719.32	0.810586
719.572	1.11822
719.824	0.581083
720.075	0.80082
720.327	0.844768
720.579	0.522486
720.83	0.805703
721.082	1.24518
721.334	0.996142
721.585	0.839885
721.837	0.986376
722.089	0.805703
722.34	0.683627
722.592	0.80082
722.844	0.869183
723.096	0.595732
723.347	0.712925
723.599	0.937546
723.851	0.957078
724.102	0.727575
724.354	0.546902
724.606	0.878949
724.857	1.18658
725.109	1.00103
725.361	0.786171
725.612	0.537136
725.864	0.507837
726.116	0.888715
726.367	0.410176
726.619	1.07427
726.871	0.703159
727.122	0.68851
727.374	1.04986
727.626	0.820353
727.877	0.830119
728.129	0.874066
728.381	0.918014
728.632	0.712925
728.884	1.20123
729.136	1.31354
729.388	0.835002
729.639	0.932663
729.891	0.776405
730.143	0.732458
730.394	0.908247
730.646	0.839885
730.898	0.903364
731.149	0.732458
731.401	0.810586
731.653	0.903364
731.904	1.19635
732.156	0.874066
732.408	0.805703
732.659	0.913131
732.911	0.488305
733.163	1.03032
733.414	1.04497
733.666	0.80082
733.918	0.600615
734.169	0.888715
734.421	0.605498
734.673	0.913131
734.924	0.820353
735.176	0.918014
735.428	0.947312
735.68	0.659212
735.931	0.849651
736.183	0.693393
736.435	1.1231
736.686	0.664095
736.938	0.649446
737.19	0.835002
737.441	0.68851
737.693	0.791054
737.945	0.830119
738.196	0.971727
738.448	1.09869
738.7	0.668978
738.951	0.566434
739.203	1.00591
739.455	1.10357
739.706	0.459007
739.958	0.673861
740.21	0.8643
740.461	0.668978
740.713	0.522486
740.965	0.908247
741.216	0.859417
741.468	0.717808
741.72	1.07915
741.972	0.957078
742.223	0.830119
742.475	0.532253
742.727	0.893598
742.978	1.03032
743.23	1.00103
743.482	0.659212
743.733	0.742224
743.985	0.849651
744.237	0.51272
744.488	0.566434
744.74	1.00591
744.992	1.16217
745.243	1.05962
745.495	0.585966
745.747	0.747107
745.998	1.14752
746.25	1.00591
746.502	0.903364
746.753	0.727575
747.005	0.737341
747.257	0.727575
747.508	0.952195
747.76	0.654329
748.012	0.791054
748.264	0.620147
748.515	0.659212
748.767	0.952195
749.019	0.874066
749.27	1.00591
749.522	0.986376
749.774	0.893598
750.025	0.883832
750.277	1.14752
750.529	0.766639
750.78	0.986376
751.032	0.473656
751.284	0.5762
751.535	0.488305
751.787	0.835002
752.039	1.1524
752.29	0.5762
752.542	0.727575
752.794	0.957078
753.045	0.668978
753.297	0.966844
753.549	1.01079
753.8	1.03032
754.052	0.952195
754.304	0.683627
754.556	0.781288
754.807	0.683627
755.059	0.747107
755.311	0.893598
755.562	0.839885
755.814	0.51272
756.066	0.830119
756.317	1.08404
756.569	0.942429
756.821	1.07915
757.072	0.805703
757.324	1.03521
757.576	0.708042
757.827	0.898481
758.079	0.766639
758.331	0.922897
758.582	0.849651
758.834	1.01567
759.086	0.996142
759.337	0.986376
759.589	0.883832
759.841	0.844768
760.092	0.478539
760.344	0.781288
760.596	0.908247
760.848	0.63968
761.099	0.590849
761.351	1.00103
761.603	0.52737
761.854	0.605498
762.106	1.37214
762.358	0.717808
762.609	0.727575
762.861	0.883832
763.113	0.874066
763.364	0.737341
763.616	0.5762
763.868	0.659212
764.119	0.996142
764.371	0.8643
764.623	0.991259
764.874	0.898481
765.126	1.08404
765.378	0.781288
765.629	1.11334
765.881	0.849651
766.133	1.01079
766.384	0.52737
766.636	0.932663
766.888	0.986376
767.14	0.761756
767.391	0.805703
767.643	0.888715
767.895	1.11334
768.146	0.634797
768.398	0.996142
768.65	0.844768
768.901	0.961961
769.153	0.908247
769.405	0.366229
769.656	0.644563
769.908	0.737341
770.16	0.918014
770.411	0.81547
770.663	0.830119
770.915	0.922897
771.166	0.766639
771.418	1.17682
771.67	0.97661
771.921	0.913131
772.173	0.844768
772.425	0.8643
772.676	0.717808
772.928	0.908247
773.18	0.703159
773.432	0.786171
773.683	0.781288
773.935	0.385761
774.187	0.712925
774.438	0.805703
774.69	0.922897
774.942	1.22565
775.193	0.937546
775.445	0.459007
775.697	1.03032
775.948	0.80082
776.2	0.708042
776.452	0.703159
776.703	0.81547
776.955	1.24518
777.207	0.888715
777.458	0.854534
777.71	0.649446
777.962	0.795937
778.213	0.595732
778.465	0.908247
778.717	0.717808
778.968	0.581083
779.22	0.737341
779.472	0.595732
779.724	0.825236
779.975	0.737341
780.227	0.68851
780.479	0.581083
780.73	1.37214
780.982	0.678744
781.234	0.683627
781.485	1.01079
781.737	1.29889
781.989	0.883832
782.24	0.830119
782.492	0.742224
782.744	0.727575
782.995	0.75199
783.247	0.825236
783.499	0.971727
783.75	0.869183
784.002	0.68851
784.254	1.08404
784.505	1.05962
784.757	0.551785
785.009	0.756873
785.26	0.703159
785.512	0.629914
785.764	0.756873
786.016	0.776405
786.267	0.825236
786.519	0.761756
786.771	0.898481
787.022	0.893598
787.274	0.385761
787.526	0.600615
787.777	0.244153
788.029	0.502954
788.281	0.625031
788.532	0.776405
788.784	0.434592
789.036	0.649446
789.287	0.644563
789.539	0.737341
789.791	0.615264
790.042	0.966844
790.294	1.03521
790.546	0.849651
790.797	0.839885
791.049	0.410176
791.301	0.971727
791.552	0.546902
791.804	1.03521
792.056	0.996142
792.308	0.634797
792.559	0.488305
792.811	1.10845
793.063	0.869183
793.314	1.05962
793.566	0.629914
793.818	0.771522
794.069	0.722692
794.321	0.92778
794.573	0.625031
794.824	1.16705
795.076	1.14752
795.328	0.830119
795.579	0.595732
795.831	0.913131
796.083	1.08892
796.334	0.522486
796.586	0.80082
796.838	0.659212
797.089	0.776405
797.341	0.571317
797.593	1.0938
797.844	0.830119
798.096	0.410176
798.348	0.649446
798.6	0.80082
798.851	0.971727
799.103	0.732458
799.355	0.693393
799.606	0.835002
799.858	0.825236
800.11	0.908247
800.361	0.590849
800.613	0.664095
800.865	0.605498
801.116	0.595732
801.368	0.781288
801.62	0.830119
801.871	0.835002
802.123	1.07915
802.375	0.483422
802.626	0.966844
802.878	1.03032
803.13	1.04497
803.381	0.756873
803.633	0.625031
803.885	0.717808
804.136	1.15728
804.388	0.92778
804.64	1.04497
804.892	0.932663
805.143	0.673861
805.395	0.80082
805.647	0.874066
805.898	0.683627
806.15	0.805703
806.402	0.75199
806.653	0.703159
806.905	0.766639
807.157	0.590849
807.408	0.810586
807.66	0.620147
807.912	0.830119
808.163	0.795937
808.415	0.893598
808.667	1.16217
808.918	0.747107
809.17	1.06939
809.422	0.820353
809.673	0.737341
809.925	1.20123
810.177	1.08404
810.428	1.14263
810.68	0.932663
810.932	0.581083
811.184	1.27448
811.435	0.620147
811.687	1.00591
811.939	1.08404
812.19	0.893598
812.442	0.888715
812.694	0.664095
812.945	0.810586
813.197	0.493188
813.449	0.781288
813.7	0.429708
813.952	0.844768
814.204	0.649446
814.455	0.830119
814.707	0.546902
814.959	0.75199
815.21	0.918014
815.462	1.10357
815.714	0.146492
815.965	0.81547
816.217	0.747107
816.469	1.05474
816.72	0.786171
816.972	0.766639
817.224	0.483422
817.476	0.893598
817.727	0.537136
817.979	0.810586
818.231	0.932663
818.482	0.625031
818.734	0.839885
818.986	0.63968
819.237	0.844768
819.489	0.673861
819.741	0.678744
819.992	0.717808
820.244	0.703159
820.496	0.590849
820.747	0.791054
820.999	0.537136
821.251	0.835002
821.502	0.590849
821.754	0.678744
822.006	0.498071
822.257	1.00591
822.509	0.703159
822.761	0.883832
823.012	0.942429
823.264	0.590849
823.516	0.615264
823.768	0.732458
824.019	0.80082
824.271	0.986376
824.523	0.766639
824.774	0.761756
825.026	0.859417
825.278	0.795937
825.529	0.673861
825.781	0.727575
826.033	1.04497
826.284	0.605498
826.536	0.986376
826.788	0.537136
827.039	0.75199
827.291	0.727575
827.543	0.600615
827.794	0.727575
828.046	0.498071
828.298	0.825236
828.549	0.708042
828.801	0.80082
829.053	0.590849
829.304	0.937546
829.556	0.473656
829.808	0.859417
830.06	0.678744
830.311	0.766639
830.563	0.722692
830.815	0.722692
831.066	1.05474
831.318	1.01079
831.57	0.893598
831.821	0.473656
832.073	0.590849
832.325	0.434592
832.576	0.546902
832.828	1.08892
833.08	0.166024
833.331	0.942429
833.583	0.966844
833.835	0.673861
834.086	0.786171
834.338	1.08404
834.59	0.449241
834.841	0.839885
835.093	0.903364
835.345	0.878949
835.596	1.11822
835.848	0.742224
836.1	0.488305
836.352	0.996142
836.603	0.454124
836.855	0.52737
837.107	0.805703
837.358	0.46389
837.61	0.883832
837.862	1.00103
838.113	0.561551
838.365	1.16705
838.617	0.673861
838.868	0.620147
839.12	0.502954
839.372	0.8643
839.623	0.556668
839.875	0.756873
840.127	0.712925
840.378	0.629914
840.63	0.830119
840.882	0.766639
841.133	0.835002
841.385	0.75199
841.637	0.898481
841.888	0.839885
842.14	0.654329
842.392	0.8643
842.644	0.522486
842.895	0.903364
843.147	0.620147
843.399	0.742224
843.65	0.712925
843.902	0.810586
844.154	0.698276
844.405	1.04986
844.657	0.644563
844.909	0.600615
845.16	0.991259
845.412	0.488305
845.664	0.712925
845.915	0.698276
846.167	0.835002
846.419	0.830119
846.67	0.649446
846.922	0.888715
847.174	0.92778
847.425	0.835002
847.677	0.712925
847.929	0.654329
848.18	0.703159
848.432	0.600615
848.684	0.654329
848.936	0.537136
849.187	0.439475
849.439	1.1231
849.691	0.97661
849.942	0.449241
850.194	0.693393
850.446	0.625031
850.697	0.5762
850.949	0.722692
851.201	0.717808
851.452	0.590849
851.704	0.737341
851.956	0.893598
852.207	0.449241
852.459	0.51272
852.711	0.722692
852.962	1.24518
853.214	0.81547
853.466	0.791054
853.717	0.703159
853.969	1.01567
854.221	0.903364
854.472	0.585966
854.724	0.390644
854.976	0.551785
855.228	0.81547
855.479	0.859417
855.731	0.805703
855.983	0.742224
856.234	0.732458
856.486	0.81547
856.738	0.585966
856.989	0.869183
857.241	0.410176
857.493	0.595732
857.744	0.898481
857.996	0.297866
858.248	0.918014
858.499	0.869183
858.751	0.766639
859.003	0.795937
859.254	0.551785
859.506	0.844768
859.758	0.483422
860.009	0.649446
860.261	0.8643
860.513	0.693393
860.764	0.75199
861.016	0.878949
861.268	0.727575
861.52	0.712925
861.771	0.859417
862.023	0.610381
862.275	1.02056
862.526	0.517603
862.778	0.961961
863.03	0.561551
863.281	0.312515
863.533	0.678744
863.785	0.903364
864.036	0.649446
864.288	1.04986
864.54	0.742224
864.791	0.747107
865.043	0.825236
865.295	1.16705
865.546	0.8643
865.798	0.903364
866.05	0.68851
866.301	0.883832
866.553	0.830119
866.805	0.839885
867.056	0.961961
867.308	0.610381
867.56	0.478539
867.812	0.942429
868.063	1.31354
868.315	0.918014
868.567	0.551785
868.818	0.80082
869.07	0.556668
869.322	0.649446
869.573	0.600615
869.825	0.678744
870.077	0.542019
870.328	0.625031
870.58	0.732458
870.832	0.75199
871.083	0.546902
871.335	0.81547
871.587	0.756873
871.838	1.02056
872.09	0.747107
872.342	0.874066
872.593	0.610381
872.845	0.961961
873.097	0.717808
873.348	0.786171
873.6	0.966844
873.852	0.595732
874.104	0.502954
874.355	0.898481
874.607	0.502954
874.859	0.566434
875.11	0.390644
875.362	0.307632
875.614	0.75199
875.865	0.810586
876.117	0.893598
876.369	0.561551
876.62	0.795937
876.872	0.737341
877.124	0.830119
877.375	0.620147
877.627	0.522486
877.879	0.68851
878.13	0.961961
878.382	0.498071
878.634	0.551785
878.885	0.805703
879.137	0.966844
879.389	0.683627
879.64	0.644563
879.892	0.698276
880.144	0.942429
880.396	0.922897
880.647	0.556668
880.899	0.483422
881.151	0.668978
881.402	0.507837
881.654	0.673861
881.906	1.08404
882.157	0.63968
882.409	0.625031
882.661	0.996142
882.912	0.937546
883.164	0.703159
883.416	0.849651
883.667	0.551785
883.919	0.693393
884.171	0.761756
884.422	0.908247
884.674	0.918014
884.926	0.913131
885.177	0.805703
885.429	0.80082
885.681	0.961961
885.932	1.03521
886.184	0.878949
886.436	0.878949
886.688	0.561551
886.939	0.712925
887.191	0.766639
887.443	0.620147
887.694	0.756873
887.946	0.434592
888.198	0.971727
888.449	0.8643
888.701	0.405293
888.953	0.473656
889.204	0.659212
889.456	0.649446
889.708	0.97661
889.959	0.776405
890.211	0.40041
890.463	0.625031
890.714	0.703159
890.966	0.898481
891.218	0.600615
891.469	0.5762
891.721	0.68851
891.973	0.537136
892.224	0.571317
892.476	0.668978
892.728	0.63968
892.98	0.644563
893.231	0.805703
893.483	0.659212
893.735	0.317398
893.986	0.473656
894.238	0.830119
894.49	0.878949
894.741	0.322281
894.993	0.92778
895.245	0.75199
895.496	0.615264
895.748	0.835002
896	0.942429
896.251	0.795937
896.503	1.10845
896.755	0.566434
897.006	0.683627
897.258	0.874066
897.51	0.615264
897.761	0.791054
898.013	0.820353
898.265	0.590849
898.516	0.810586
898.768	0.712925
899.02	0.449241
899.272	0.478539
899.523	1.14263
899.775	1.07427
900.027	0.634797
900.278	0.522486
900.53	0.766639
900.782	0.874066
901.033	0.8643
901.285	0.844768
901.537	0.698276
901.788	0.737341
902.04	0.468773
902.292	0.844768
902.543	0.449241
902.795	1.03521
903.047	1.04497
903.298	0.81547
903.55	0.844768
903.802	0.507837
904.053	0.75199
904.305	0.620147
904.557	0.708042
904.808	0.380878
905.06	0.761756
905.312	0.869183
905.564	0.249036
905.815	0.888715
906.067	0.46389
906.319	0.727575
906.57	0.80082
906.822	0.551785
907.074	1.08892
907.325	0.693393
907.577	0.46389
907.829	0.634797
908.08	0.600615
908.332	0.522486
908.584	0.742224
908.835	0.92778
909.087	0.722692
909.339	0.795937
909.59	0.830119
909.842	0.581083
910.094	0.835002
910.345	0.698276
910.597	0.766639
910.849	0.683627
911.1	0.498071
911.352	0.966844
911.604	0.673861
911.856	0.869183
912.107	0.644563
912.359	0.561551
912.611	0.664095
912.862	0.444358
913.114	0.81547
913.366	0.322281
913.617	0.92778
913.869	0.488305
914.121	0.625031
914.372	0.839885
914.624	0.424825
914.876	0.585966
915.127	0.703159
915.379	0.712925
915.631	0.468773
915.882	0.605498
916.134	0.795937
916.386	0.366229
916.637	0.454124
916.889	0.68851
917.141	0.493188
917.392	0.502954
917.644	1.25983
917.896	0.97661
918.148	0.449241
918.399	0.786171
918.651	0.908247
918.903	0.81547
919.154	0.449241
919.406	0.63968
919.658	0.966844
919.909	0.678744
920.161	0.678744
920.413	0.693393
920.664	0.571317
920.916	0.947312
921.168	0.322281
921.419	0.571317
921.671	0.51272
921.923	0.786171
922.174	0.346697
922.426	0.693393
922.678	0.419942
922.929	0.566434
923.181	0.488305
923.433	0.80082
923.684	0.654329
923.936	0.46389
924.188	0.483422
924.44	0.551785
924.691	0.40041
924.943	0.585966
925.195	0.918014
925.446	0.727575
925.698	0.722692
925.95	0.703159
926.201	0.878949
926.453	0.46389
926.705	0.581083
926.956	0.644563
927.208	0.537136
927.46	0.859417
927.711	0.854534
927.963	0.532253
928.215	0.80082
928.466	0.581083
928.718	0.395527
928.97	0.991259
929.221	0.654329
929.473	0.810586
929.725	0.673861
929.976	0.341814
930.228	0.419942
930.48	0.859417
930.732	0.537136
930.983	0.717808
931.235	0.585966
931.487	0.747107
931.738	0.966844
931.99	0.888715
932.242	0.981493
932.493	0.761756
932.745	0.781288
932.997	0.434592
933.248	0.766639
933.5	0.81547
933.752	0.708042
934.003	0.498071
934.255	0.40041
934.507	0.52737
934.758	0.97661
935.01	0.634797
935.262	0.708042
935.513	0.649446
935.765	0.566434
936.017	0.766639
936.268	0.51272
936.52	0.532253
936.772	0.434592
937.024	0.664095
937.275	0.434592
937.527	0.585966
937.779	0.52737
938.03	0.966844
938.282	0.786171
938.534	0.727575
938.785	0.742224
939.037	0.605498
939.289	0.80082
939.54	0.844768
939.792	0.712925
940.044	0.903364
940.295	0.595732
940.547	0.883832
940.799	0.781288
941.05	0.75199
941.302	0.336931
941.554	0.786171
941.805	1.07427
942.057	0.883832
942.309	0.693393
942.56	0.947312
942.812	0.40041
943.064	0.590849
943.316	0.849651
943.567	0.717808
943.819	0.952195
944.071	0.698276
944.322	0.996142
944.574	0.620147
944.826	0.332047
945.077	0.712925
945.329	0.698276
945.581	1.0938
945.832	0.507837
946.084	1.00591
946.336	0.419942
946.587	0.761756
946.839	0.590849
947.091	0.888715
947.342	0.717808
947.594	0.75199
947.846	0.693393
948.097	0.908247
948.349	0.698276
948.601	0.712925
948.852	0.81547
949.104	0.966844
949.356	0.649446
949.608	0.820353
949.859	0.327164
950.111	0.835002
950.363	0.81547
950.614	0.825236
950.866	0.551785
951.118	0.600615
951.369	0.537136
951.621	0.756873
951.873	0.668978
952.124	1.11334
952.376	0.693393
952.628	0.908247
952.879	0.683627
953.131	1.07915
953.383	0.8643
953.634	0.327164
953.886	0.830119
954.138	0.654329
954.389	0.92778
954.641	0.561551
954.893	0.805703
955.144	0.786171
955.396	0.97661
955.648	0.698276
955.9	0.693393
956.151	0.542019
956.403	0.459007
956.655	0.952195
956.906	1.01079
957.158	0.63968
957.41	0.761756
957.661	0.756873
957.913	0.346697
958.165	1.19146
958.416	0.659212
958.668	0.795937
958.92	0.668978
959.171	0.322281
959.423	0.459007
959.675	0.52737
959.926	0.52737
960.178	0.566434
960.43	0.732458
960.681	0.341814
960.933	0.781288
961.185	0.791054
961.436	0.942429
961.688	0.693393
961.94	0.410176
962.192	0.966844
962.443	0.493188
962.695	0.795937
962.947	0.498071
963.198	0.727575
963.45	0.659212
963.702	0.727575
963.953	0.805703
964.205	0.444358
964.457	0.786171
964.708	0.551785
964.96	1.11822
965.212	0.620147
965.463	0.996142
965.715	0.5762
965.967	0.644563
966.218	0.522486
966.47	0.327164
966.722	0.883832
966.973	0.747107
967.225	0.722692
967.477	0.63968
967.728	0.522486
967.98	0.717808
968.232	0.478539
968.484	0.571317
968.735	0.605498
968.987	0.932663
969.239	0.898481
969.49	1.27448
969.742	0.737341
969.994	0.708042
970.245	0.97661
970.497	0.571317
970.749	0.97661
971	0.385761
971.252	0.791054
971.504	1.05474
971.755	0.449241
972.007	0.649446
972.259	0.766639
972.51	0.297866
972.762	0.473656
973.014	0.664095
973.265	0.878949
973.517	0.673861
973.769	0.454124
974.02	0.517603
974.272	0.75199
974.524	0.5762
974.776	0.620147
975.027	0.75199
975.279	0.551785
975.531	0.883832
975.782	0.644563
976.034	0.893598
976.286	0.698276
976.537	0.932663
976.789	0.532253
977.041	0.693393
977.292	0.913131
977.544	0.35158
977.796	0.63968
978.047	0.385761
978.299	0.805703
978.551	0.488305
978.802	0.341814
979.054	0.68851
979.306	0.761756
979.557	0.629914
979.809	0.585966
980.061	0.581083
980.312	0.444358
980.564	0.502954
980.816	0.51272
981.068	0.190439
981.319	0.502954
981.571	1.04497
981.823	0.498071
982.074	0.620147
982.326	0.5762
982.578	0.854534
982.829	0.668978
983.081	0.585966
983.333	0.786171
983.584	0.478539
983.836	0.649446
984.088	0.615264
984.339	1.25494
984.591	0.424825
984.843	0.439475
985.094	0.727575
985.346	0.405293
985.598	1.15728
985.849	0.678744
986.101	0.610381
986.353	0.532253
986.604	0.922897
986.856	0.825236
987.108	0.605498
987.36	0.571317
987.611	0.600615
987.863	0.424825
988.115	0.63968
988.366	0.571317
988.618	0.683627
988.87	0.737341
989.121	0.585966
989.373	0.561551
989.625	0.600615
989.876	0.952195
990.128	0.698276
990.38	0.615264
990.631	0.820353
990.883	0.693393
991.135	0.68851
991.386	0.644563
991.638	0.615264
991.89	0.556668
992.141	0.532253
992.393	0.781288
992.645	1.04009
992.896	0.698276
993.148	0.410176
993.4	0.80082
993.652	0.727575
993.903	1.06939
994.155	0.668978
994.407	0.766639
994.658	0.410176
994.91	0.859417
995.162	0.341814
995.413	0.673861
995.665	0.620147
995.917	0.922897
996.168	0.835002
996.42	0.507837
996.672	0.581083
996.923	0.40041
997.175	0.610381
997.427	0.698276
997.678	0.51272
997.93	0.683627
998.182	0.893598
998.433	0.419942
998.685	0.292983
998.937	0.727575
999.188	0.620147
999.44	0.273451
999.692	0.942429
999.944	0.722692
1000.2	0.825236
1000.45	0.507837
1000.7	0.615264
1000.95	0.595732
1001.2	0.854534
1001.45	0.46389
1001.71	0.75199
1001.96	0.644563
1002.21	0.805703
1002.46	0.644563
1002.71	0.419942
1002.96	0.571317
1003.22	0.459007
1003.47	0.708042
1003.72	0.371112
1003.97	0.581083
1004.22	0.859417
1004.47	0.922897
1004.73	0.820353
1004.98	0.80082
1005.23	0.380878
1005.48	1.211
1005.73	0.68851
1005.98	1.02056
1006.24	0.610381
1006.49	0.849651
1006.74	0.532253
1006.99	0.410176
1007.24	0.766639
1007.49	0.546902
1007.75	0.708042
1008	0.5762
1008.25	1.03032
1008.5	0.625031
1008.75	0.410176
1009	0.395527
1009.26	0.556668
1009.51	0.517603
1009.76	0.273451
1010.01	0.380878
1010.26	1.03032
1010.51	0.8643
1010.77	0.551785
1011.02	0.761756
1011.27	0.869183
1011.52	0.664095
1011.77	0.747107
1012.02	1.09869
1012.28	0.517603
1012.53	0.629914
1012.78	0.693393
1013.03	0.561551
1013.28	0.620147
1013.53	0.678744
1013.79	0.854534
1014.04	0.698276
1014.29	0.581083
1014.54	0.703159
1014.79	0.444358
1015.04	0.507837
1015.3	0.659212
1015.55	0.581083
1015.8	0.893598
1016.05	0.717808
1016.3	0.537136
1016.55	0.615264
1016.81	0.727575
1017.06	0.747107
1017.31	1.05962
1017.56	0.659212
1017.81	0.771522
1018.06	0.742224
1018.32	0.75199
1018.57	0.668978
1018.82	0.51272
1019.07	0.820353
1019.32	0.336931
1019.57	0.678744
1019.83	0.766639
1020.08	0.80082
1020.33	0.771522
1020.58	0.830119
1020.83	0.537136
1021.08	0.454124
1021.34	0.683627
1021.59	1.02056
1021.84	0.727575
1022.09	0.600615
1022.34	0.419942
1022.59	0.659212
1022.85	0.732458
1023.1	0.761756
1023.35	0.971727
1023.6	0.590849
1023.85	0.46389
1024.1	0.551785
1024.36	0.698276
1024.61	0.786171
1024.86	0.375995
1025.11	0.429708
1025.36	0.786171
1025.61	0.708042
1025.87	0.429708
1026.12	0.595732
1026.37	0.664095
1026.62	1.04497
1026.87	0.883832
1027.12	0.507837
1027.38	0.961961
1027.63	0.673861
1027.88	0.883832
1028.13	0.620147
1028.38	0.756873
1028.64	0.791054
1028.89	0.5762
1029.14	0.786171
1029.39	0.410176
1029.64	0.371112
1029.89	1.01567
1030.15	0.708042
1030.4	0.68851
1030.65	0.444358
1030.9	0.5762
1031.15	0.81547
1031.4	0.668978
1031.66	0.610381
1031.91	0.551785
1032.16	0.776405
1032.41	0.913131
1032.66	0.52737
1032.91	0.410176
1033.17	0.644563
1033.42	0.893598
1033.67	0.878949
1033.92	0.722692
1034.17	0.825236
1034.42	0.625031
1034.68	0.561551
1034.93	1.08404
1035.18	0.424825
1035.43	0.786171
1035.68	0.732458
1035.93	0.585966
1036.19	0.839885
1036.44	0.546902
1036.69	0.893598
1036.94	0.776405
1037.19	0.517603
1037.44	0.952195
1037.7	0.571317
1037.95	0.585966
1038.2	0.92778
1038.45	0.68851
1038.7	0.581083
1038.95	0.791054
1039.21	0.361346
1039.46	0.361346
1039.71	0.703159
1039.96	0.903364
1040.21	0.678744
1040.46	0.439475
1040.72	0.903364
1040.97	0.869183
1041.22	0.81547
1041.47	0.634797
1041.72	0.898481
1041.97	0.366229
1042.23	0.419942
1042.48	0.898481
1042.73	0.678744
1042.98	0.766639
1043.23	0.336931
1043.48	0.605498
1043.74	0.46389
1043.99	0.595732
1044.24	0.913131
1044.49	0.722692
1044.74	0.781288
1044.99	0.747107
1045.25	0.820353
1045.5	0.693393
1045.75	0.693393
1046	0.40041
1046.25	0.80082
1046.5	0.678744
1046.76	0.551785
1047.01	0.581083
1047.26	0.825236
1047.51	0.473656
1047.76	0.522486
1048.01	0.556668
1048.27	0.419942
1048.52	0.410176
1048.77	0.429708
1049.02	0.878949
1049.27	0.590849
1049.52	0.542019
1049.78	0.937546
1050.03	0.68851
1050.28	0.693393
1050.53	0.742224
1050.78	0.585966
1051.03	0.698276
1051.29	0.717808
1051.54	0.634797
1051.79	0.849651
1052.04	0.971727
1052.29	0.761756
1052.54	0.488305
1052.8	0.634797
1053.05	0.268568
1053.3	0.590849
1053.55	0.493188
1053.8	0.747107
1054.05	0.52737
1054.31	0.385761
1054.56	0.507837
1054.81	0.820353
1055.06	0.468773
1055.31	0.708042
1055.56	0.249036
1055.82	0.839885
1056.07	0.693393
1056.32	0.566434
1056.57	0.81547
1056.82	0.498071
1057.07	0.732458
1057.33	0.620147
1057.58	1.04009
1057.83	0.869183
1058.08	0.507837
1058.33	0.839885
1058.58	0.698276
1058.84	0.75199
1059.09	0.551785
1059.34	0.649446
1059.59	0.332047
1059.84	0.532253
1060.1	0.918014
1060.35	0.532253
1060.6	0.332047
1060.85	0.922897
1061.1	0.673861
1061.35	0.649446
1061.61	0.659212
1061.86	1.0938
1062.11	0.742224
1062.36	0.854534
1062.61	0.869183
1062.86	0.585966
1063.12	0.395527
1063.37	0.644563
1063.62	0.703159
1063.87	0.878949
1064.12	0.468773
1064.37	0.791054
1064.63	0.756873
1064.88	0.825236
1065.13	0.722692
1065.38	0.810586
1065.63	0.51272
1065.88	1.08404
1066.14	0.561551
1066.39	0.771522
1066.64	0.717808
1066.89	0.795937
1067.14	0.51272
1067.39	0.92778
1067.65	0.610381
1067.9	0.756873
1068.15	0.634797
1068.4	0.415059
1068.65	0.371112
1068.9	0.395527
1069.16	0.522486
1069.41	0.546902
1069.66	0.703159
1069.91	0.5762
1070.16	0.717808
1070.41	0.737341
1070.67	0.522486
1070.92	0.600615
1071.17	0.820353
1071.42	0.654329
1071.67	0.190439
1071.92	0.419942
1072.18	0.629914
1072.43	0.727575
1072.68	0.366229
1072.93	0.581083
1073.18	0.698276
1073.43	1.13287
1073.69	0.585966
1073.94	0.75199
1074.19	0.537136
1074.44	0.791054
1074.69	0.52737
1074.94	0.776405
1075.2	0.825236
1075.45	0.595732
1075.7	0.561551
1075.95	0.913131
1076.2	0.498071
1076.45	0.986376
1076.71	0.961961
1076.96	0.678744
1077.21	0.200205
1077.46	0.673861
1077.71	0.878949
1077.96	0.268568
1078.22	0.52737
1078.47	0.75199
1078.72	0.644563
1078.97	0.75199
1079.22	0.595732
1079.47	0.385761
1079.73	0.488305
1079.98	0.908247
1080.23	0.561551
1080.48	0.556668
1080.73	0.454124
1080.98	0.854534
1081.24	0.35158
1081.49	0.585966
1081.74	0.405293
1081.99	0.63968
1082.24	0.366229
1082.49	0.356463
1082.75	0.395527
1083	0.766639
1083.25	0.991259
1083.5	0.610381
1083.75	0.835002
1084	0.63968
1084.26	0.395527
1084.51	0.673861
1084.76	0.908247
1085.01	0.459007
1085.26	0.551785
1085.51	0.849651
1085.77	0.703159
1086.02	0.673861
1086.27	0.327164
1086.52	0.517603
1086.77	0.664095
1087.02	0.634797
1087.28	0.35158
1087.53	0.737341
1087.78	0.703159
1088.03	0.507837
1088.28	0.542019
1088.53	0.332047
1088.79	0.771522
1089.04	0.898481
1089.29	0.615264
1089.54	0.278334
1089.79	0.537136
1090.04	0.664095
1090.3	0.781288
1090.55	0.449241
1090.8	0.449241
1091.05	0.424825
1091.3	0.317398
1091.56	1.0938
1091.81	0.703159
1092.06	0.449241
1092.31	0.673861
1092.56	0.703159
1092.81	0.634797
1093.07	0.698276
1093.32	0.878949
1093.57	0.835002
1093.82	0.703159
1094.07	0.620147
1094.32	0.307632
1094.58	0.561551
1094.83	0.859417
1095.08	0.327164
1095.33	0.498071
1095.58	0.581083
1095.83	0.805703
1096.09	0.830119
1096.34	0.561551
1096.59	0.654329
1096.84	0.942429
1097.09	0.629914
1097.34	0.742224
1097.6	0.898481
1097.85	0.605498
1098.1	0.712925
1098.35	0.493188
1098.6	0.341814
1098.85	0.312515
1099.11	0.747107
1099.36	0.932663
1099.61	0.849651
1099.86	0.605498
1100.11	0.63968
1100.36	0.654329
1100.62	0.659212
1100.87	0.561551
1101.12	0.678744
1101.37	0.5762
1101.62	0.883832
1101.87	0.449241
1102.13	0.249036
1102.38	0.68851
1102.63	0.92778
1102.88	0.932663
1103.13	0.595732
1103.38	0.551785
1103.64	0.590849
1103.89	0.693393
1104.14	0.498071
1104.39	0.268568
1104.64	0.717808
1104.89	0.395527
1105.15	0.615264
1105.4	0.644563
1105.65	0.668978
1105.9	0.786171
1106.15	0.898481
1106.4	0.747107
1106.66	0.551785
1106.91	0.615264
1107.16	0.459007
1107.41	0.346697
1107.66	0.483422
1107.91	0.644563
1108.17	0.893598
1108.42	0.473656
1108.67	0.595732
1108.92	0.629914
1109.17	0.644563
1109.42	0.722692
1109.68	0.683627
1109.93	0.664095
1110.18	0.913131
1110.43	0.483422
1110.68	0.698276
1110.93	0.566434
1111.19	0.698276
1111.44	0.551785
1111.69	0.434592
1111.94	0.947312
1112.19	0.52737
1112.44	0.830119
1112.7	0.517603
1112.95	0.654329
1113.2	0.786171
1113.45	0.615264
1113.7	1.03521
1113.95	0.5762
1114.21	0.634797
1114.46	1.08892
1114.71	0.786171
1114.96	0.590849
1115.21	0.874066
1115.46	0.732458
1115.72	0.22462
1115.97	0.52737
1116.22	0.595732
1116.47	0.732458
1116.72	0.668978
1116.97	0.63968
1117.23	0.732458
1117.48	0.81547
1117.73	0.68851
1117.98	0.874066
1118.23	0.961961
1118.48	0.551785
1118.74	0.566434
1118.99	0.644563
1119.24	0.781288
1119.49	0.542019
1119.74	0.810586
1119.99	0.620147
1120.25	0.654329
1120.5	0.5762
1120.75	0.654329
1121	0.615264
1121.25	0.537136
1121.5	0.488305
1121.76	0.634797
1122.01	0.625031
1122.26	0.683627
1122.51	0.903364
1122.76	0.683627
1123.02	0.659212
1123.27	0.546902
1123.52	0.742224
1123.77	0.556668
1124.02	0.771522
1124.27	0.918014
1124.53	0.722692
1124.78	0.81547
1125.03	0.371112
1125.28	0.771522
1125.53	0.0537136
1125.78	0.737341
1126.04	0.415059
1126.29	0.791054
1126.54	0.571317
1126.79	0.488305
1127.04	0.395527
1127.29	0.2881
1127.55	0.771522
1127.8	1.09869
1128.05	0.292983
1128.3	0.459007
1128.55	0.737341
1128.8	0.766639
1129.06	0.595732
1129.31	0.732458
1129.56	0.410176
1129.81	0.654329
1130.06	0.947312
1130.31	0.996142
1130.57	0.585966
1130.82	0.859417
1131.07	0.717808
1131.32	0.830119
1131.57	0.375995
1131.82	0.625031
1132.08	0.615264
1132.33	0.664095
1132.58	0.634797
1132.83	0.708042
1133.08	0.830119
1133.33	0.771522
1133.59	0.590849
1133.84	0.952195
1134.09	0.556668
1134.34	0.737341
1134.59	0.532253
1134.84	0.908247
1135.1	0.371112
1135.35	0.590849
1135.6	0.268568
1135.85	0.791054
1136.1	0.698276
1136.35	0.810586
1136.61	0.761756
1136.86	0.371112
1137.11	1.04009
1137.36	0.693393
1137.61	0.566434
1137.86	0.781288
1138.12	0.590849
1138.37	0.517603
1138.62	1.03032
1138.87	0.561551
1139.12	0.444358
1139.37	0.522486
1139.63	0.610381
1139.88	0.791054
1140.13	0.537136
1140.38	0.395527
1140.63	0.634797
1140.88	0.786171
1141.14	0.546902
1141.39	0.81547
1141.64	0.517603
1141.89	0.507837
1142.14	0.776405
1142.39	0.81547
1142.65	0.590849
1142.9	0.244153
1143.15	0.444358
1143.4	0.542019
1143.65	0.410176
1143.9	0.537136
1144.16	0.68851
1144.41	0.810586
1144.66	0.502954
1144.91	0.63968
1145.16	0.673861
1145.41	0.92778
1145.67	0.92778
1145.92	0.273451
1146.17	0.664095
1146.42	0.761756
1146.67	0.664095
1146.92	0.502954
1147.18	0.449241
1147.43	0.859417
1147.68	0.297866
1147.93	0.805703
1148.18	0.0781288
1148.43	0.664095
1148.69	0.468773
1148.94	0.771522
1149.19	0.634797
1149.44	0.835002
1149.69	0.703159
1149.94	0.473656
1150.2	0.668978
1150.45	0.874066
1150.7	0.493188
1150.95	0.952195
1151.2	0.483422
1151.45	0.380878
1151.71	0.542019
1151.96	0.820353
1152.21	0.727575
1152.46	0.849651
1152.71	0.356463
1152.96	0.869183
1153.22	0.507837
1153.47	0.561551
1153.72	0.356463
1153.97	0.629914
1154.22	0.346697
1154.48	0.844768
1154.73	0.556668
1154.98	0.781288
1155.23	0.551785
1155.48	0.615264
1155.73	0.849651
1155.99	0.761756
1156.24	0.585966
1156.49	0.703159
1156.74	0.493188
1156.99	0.649446
1157.24	0.0683627
1157.5	1.00103
1157.75	0.468773
1158	0.708042
1158.25	0.488305
1158.5	0.75199
1158.75	0.507837
1159.01	0.756873
1159.26	0.517603
1159.51	0.620147
1159.76	0.791054
1160.01	0.566434
1160.26	0.507837
1160.52	0.424825
1160.77	0.371112
1161.02	0.46389
1161.27	0.595732
1161.52	0.644563
1161.77	0.561551
1162.03	0.585966
1162.28	0.615264
1162.53	0.478539
1162.78	0.63968
1163.03	0.459007
1163.28	0.634797
1163.54	0.830119
1163.79	0.551785
1164.04	0.859417
1164.29	0.434592
1164.54	0.2881
1164.79	0.429708
1165.05	0.600615
1165.3	0.664095
1165.55	0.551785
1165.8	0.634797
1166.05	1.05474
1166.3	0.546902
1166.56	0.180673
1166.81	0.8643
1167.06	0.742224
1167.31	0.776405
1167.56	0.35158
1167.81	0.454124
1168.07	0.498071
1168.32	0.356463
1168.57	0.610381
1168.82	1.04497
1169.07	0.532253
1169.32	0.844768
1169.58	0.522486
1169.83	0.46389
1170.08	0.981493
1170.33	0.278334
1170.58	0.595732
1170.83	0.620147
1171.09	0.957078
1171.34	0.68851
1171.59	0.63968
1171.84	0.673861
1172.09	0.717808
1172.34	0.678744
1172.6	0.620147
1172.85	0.478539
1173.1	0.732458
1173.35	0.390644
1173.6	0.5762
1173.85	0.937546
1174.11	0.542019
1174.36	0.346697
1174.61	0.5762
1174.86	0.732458
1175.11	0.546902
1175.36	0.209971
1175.62	0.522486
1175.87	0.68851
1176.12	0.615264
1176.37	0.507837
1176.62	0.429708
1176.87	0.732458
1177.13	0.366229
1177.38	0.459007
1177.63	0.439475
1177.88	0.795937
1178.13	0.869183
1178.38	0.68851
1178.64	0.498071
1178.89	0.488305
1179.14	0.883832
1179.39	0.908247
1179.64	0.517603
1179.89	0.932663
1180.15	0.830119
1180.4	0.551785
1180.65	0.537136
1180.9	0.234386
1181.15	0.566434
1181.4	0.732458
1181.66	0.678744
1181.91	0.903364
1182.16	0.419942
1182.41	0.419942
1182.66	0.664095
1182.91	0.483422
1183.17	0.332047
1183.42	0.561551
1183.67	0.11231
1183.92	0.483422
1184.17	0.63968
1184.42	0.590849
1184.68	0.918014
1184.93	0.468773
1185.18	0.434592
1185.43	0.825236
1185.68	0.502954
1185.94	0.537136
1186.19	0.35158
1186.44	0.600615
1186.69	0.454124
1186.94	0.561551
1187.19	0.473656
1187.45	0.888715
1187.7	0.654329
1187.95	0.844768
1188.2	0.81547
1188.45	0.668978
1188.7	0.410176
1188.96	0.434592
1189.21	0.537136
1189.46	0.878949
1189.71	0.771522
1189.96	0.737341
1190.21	0.703159
1190.47	0.371112
1190.72	0.75199
1190.97	0.551785
1191.22	0.507837
1191.47	0.600615
1191.72	0.244153
1191.98	0.390644
1192.23	0.615264
1192.48	0.532253
1192.73	0.219737
1192.98	0.556668
1193.23	0.664095
1193.49	0.405293
1193.74	0.634797
1193.99	0.498071
1194.24	0.839885
1194.49	0.957078
1194.74	0.92778
1195	0.283217
1195.25	0.234386
1195.5	0.51272
1195.75	0.673861
1196	0.678744
1196.25	0.654329
1196.51	0.170907
1196.76	0.610381
1197.01	0.454124
1197.26	0.532253
1197.51	0.498071
1197.76	0.981493
1198.02	0.610381
1198.27	0.356463
1198.52	0.590849
1198.77	0.717808
1199.02	0.859417
1199.27	0.214854
1199.53	0.595732
1199.78	0.551785
1200.03	0.332047
1200.28	0.380878
1200.53	0.610381
1200.78	0.46389
1201.04	0.429708
1201.29	0.698276
1201.54	0.52737
1201.79	0.712925
1202.04	0.668978
1202.29	0.771522
1202.55	0.429708
1202.8	0.63968
1203.05	0.805703
1203.3	0.185556
1203.55	0.625031
1203.8	0.859417
1204.06	0.517603
1204.31	0.444358
1204.56	0.380878
1204.81	0.542019
1205.06	0.385761
1205.31	0.35158
1205.57	0.561551
1205.82	0.46389
1206.07	0.810586
1206.32	0.502954
1206.57	0.273451
1206.82	0.708042
1207.08	0.405293
1207.33	0.63968
1207.58	0.820353
1207.83	0.644563
1208.08	0.346697
1208.33	0.468773
1208.59	0.473656
1208.84	0.415059
1209.09	0.205088
1209.34	0.756873
1209.59	0.820353
1209.84	0.317398
1210.1	0.698276
1210.35	0.659212
1210.6	0.80082
1210.85	0.551785
1211.1	1.00103
1211.35	0.693393
1211.61	0.537136
1211.86	0.839885
1212.11	0.830119
1212.36	0.571317
1212.61	0.659212
1212.86	0.356463
1213.12	0.571317
1213.37	0.786171
1213.62	0.483422
1213.87	0.610381
1214.12	0.434592
1214.37	0.629914
1214.63	0.468773
1214.88	0.40041
1215.13	0.693393
1215.38	0.483422
1215.63	0.654329
1215.88	0.898481
1216.14	0.595732
1216.39	0.2881
1216.64	0.410176
1216.89	1.00591
1217.14	0.703159
1217.4	0.805703
1217.65	0.605498
1217.9	0.683627
1218.15	0.239269
1218.4	0.561551
1218.65	0.375995
1218.91	0.756873
1219.16	0.390644
1219.41	0.51272
1219.66	0.312515
1219.91	0.590849
1220.16	0.502954
1220.42	0.52737
1220.67	0.51272
1220.92	0.600615
1221.17	0.761756
1221.42	0.659212
1221.67	0.615264
1221.93	0.546902
1222.18	0.551785
1222.43	0.35158
1222.68	0.449241
1222.93	0.727575
1223.18	0.542019
1223.44	0.439475
1223.69	0.551785
1223.94	0.473656
1224.19	0.35158
1224.44	0.732458
1224.69	0.40041
1224.95	0.8643
1225.2	0.410176
1225.45	0.97661
1225.7	0.346697
1225.95	0.366229
1226.2	0.839885
1226.46	0.546902
1226.71	0.542019
1226.96	0.488305
1227.21	0.371112
1227.46	0.566434
1227.71	0.971727
1227.97	0.502954
1228.22	0.595732
1228.47	0.478539
1228.72	0.488305
1228.97	0.776405
1229.22	0.542019
1229.48	0.566434
1229.73	0.258802
1229.98	0.605498
1230.23	0.605498
1230.48	0.932663
1230.73	0.693393
1230.99	0.498071
1231.24	0.346697
1231.49	0.454124
1231.74	0.585966
1231.99	0.537136
1232.24	0.390644
1232.5	0.551785
1232.75	0.405293
1233	0.678744
1233.25	0.473656
1233.5	0.5762
1233.75	0.712925
1234.01	0.747107
1234.26	0.454124
1234.51	0.488305
1234.76	0.668978
1235.01	0.566434
1235.26	0.68851
1235.52	0.361346
1235.77	0.654329
1236.02	0.947312
1236.27	0.742224
1236.52	0.605498
1236.77	0.600615
1237.03	0.996142
1237.28	0.302749
1237.53	0.522486
1237.78	0.63968
1238.03	0.859417
1238.28	0.825236
1238.54	0.380878
1238.79	0.561551
1239.04	0.737341
1239.29	0.375995
1239.54	0.51272
1239.79	0.366229
1240.05	0.405293
1240.3	0.605498
1240.55	0.644563
1240.8	0.664095
1241.05	0.742224
1241.3	0.537136
1241.56	0.771522
1241.81	0.395527
1242.06	0.654329
1242.31	0.317398
1242.56	0.459007
1242.81	1.23541
1243.07	0.571317
1243.32	0.581083
1243.57	0.415059
1243.82	0.52737
1244.07	0.424825
1244.32	0.844768
1244.58	0.727575
1244.83	0.537136
1245.08	0.258802
1245.33	0.239269
1245.58	0.75199
1245.83	0.473656
1246.09	0.444358
1246.34	0.664095
1246.59	0.336931
1246.84	0.542019
1247.09	0.595732
1247.34	0.410176
1247.6	0.356463
1247.85	0.395527
1248.1	0.913131
1248.35	0.556668
1248.6	0.51272
1248.86	0.610381
1249.11	0.551785
1249.36	0.419942
1249.61	0.375995
1249.86	0.673861
1250.11	0.488305
1250.37	0.542019
1250.62	0.673861
1250.87	0.664095
1251.12	0.8643
1251.37	0.483422
1251.62	0.561551
1251.88	0.297866
1252.13	0.717808
1252.38	0.571317
1252.63	0.46389
1252.88	0.825236
1253.13	0.737341
1253.39	0.664095
1253.64	0.52737
1253.89	0.51272
1254.14	0.693393
1254.39	0.517603
1254.64	0.419942
1254.9	0.517603
1255.15	0.502954
1255.4	0.5762
1255.65	0.424825
1255.9	0.498071
1256.15	0.517603
1256.41	0.190439
1256.66	0.380878
1256.91	0.244153
1257.16	0.644563
1257.41	0.551785
1257.66	0.546902
1257.92	0.483422
1258.17	0.595732
1258.42	0.40041
1258.67	0.0585966
1258.92	0.410176
1259.17	0.434592
1259.43	0.35158
1259.68	0.75199
1259.93	0.410176
1260.18	0.610381
1260.43	0.361346
1260.68	0.830119
1260.94	0.52737
1261.19	0.410176
1261.44	0.673861
1261.69	0.771522
1261.94	0.683627
1262.19	0.620147
1262.45	0.634797
1262.7	0.703159
1262.95	0.468773
1263.2	0.571317
1263.45	0.649446
1263.7	0.8643
1263.96	1.01567
1264.21	0.693393
1264.46	0.449241
1264.71	0.532253
1264.96	0.473656
1265.21	0.473656
1265.47	0.605498
1265.72	0.644563
1265.97	0.346697
1266.22	0.742224
1266.47	0.683627
1266.72	0.737341
1266.98	0.51272
1267.23	0.424825
1267.48	0.546902
1267.73	0.561551
1267.98	0.419942
1268.23	0.502954
1268.49	0.375995
1268.74	0.51272
1268.99	0.678744
1269.24	0.361346
1269.49	0.483422
1269.74	0.600615
1270	0.610381
1270.25	0.51272
1270.5	1.00103
1270.75	0.566434
1271	0.610381
1271.25	0.244153
1271.51	0.17579
1271.76	0.459007
1272.01	0.595732
1272.26	0.390644
1272.51	0.664095
1272.76	0.551785
1273.02	0.468773
1273.27	0.585966
1273.52	0.761756
1273.77	0.781288
1274.02	0.483422
1274.27	0.664095
1274.53	0.483422
1274.78	0.693393
1275.03	0.356463
1275.28	0.722692
1275.53	0.297866
1275.78	0.605498
1276.04	0.825236
1276.29	0.498071
1276.54	0.46389
1276.79	0.747107
1277.04	0.629914
1277.29	0.878949
1277.55	0.712925
1277.8	0.649446
1278.05	0.581083
1278.3	0.483422
1278.55	0.185556
1278.8	0.590849
1279.06	0.766639
1279.31	0.668978
1279.56	0.664095
1279.81	0.395527
1280.06	0.615264
1280.32	0.756873
1280.57	0.756873
1280.82	0.473656
1281.07	0.712925
1281.32	0.771522
1281.57	0.756873
1281.83	0.141608
1282.08	0.205088
1282.33	0.51272
1282.58	0.849651
1282.83	0.341814
1283.08	0.327164
1283.34	0.776405
1283.59	0.322281
1283.84	0.454124
1284.09	0.459007
1284.34	0.605498
1284.59	0.918014
1284.85	0.732458
1285.1	0.610381
1285.35	0.664095
1285.6	0.307632
1285.85	1.20611
1286.1	0.244153
1286.36	0.473656
1286.61	0.356463
1286.86	0.620147
1287.11	0.610381
1287.36	0.542019
1287.61	0.922897
1287.87	0.625031
1288.12	0.673861
1288.37	0.341814
1288.62	0.781288
1288.87	0.380878
1289.12	0.302749
1289.38	0.571317
1289.63	0.483422
1289.88	0.317398
1290.13	0.478539
1290.38	0.278334
1290.63	0.40041
1290.89	0.444358
1291.14	0.727575
1291.39	0.581083
1291.64	0.756873
1291.89	0.537136
1292.14	0.625031
1292.4	0.566434
1292.65	0.488305
1292.9	0.51272
1293.15	0.297866
1293.4	0.478539
1293.65	0.922897
1293.91	0.429708
1294.16	0.620147
1294.41	0.75199
1294.66	0.634797
1294.91	0.5762
1295.16	0.830119
1295.42	0.415059
1295.67	0.737341
1295.92	0.502954
1296.17	0.556668
1296.42	0.429708
1296.67	0.405293
1296.93	0.46389
1297.18	0.454124
1297.43	0.913131
1297.68	0.629914
1297.93	0.712925
1298.18	0.488305
1298.44	0.600615
1298.69	0.52737
1298.94	0.546902
1299.19	0.664095
1299.44	0.830119
1299.69	0.610381
1299.95	0.380878
1300.2	0.644563
1300.45	0.585966
1300.7	0.449241
1300.95	0.835002
1301.2	1.04986
1301.46	0.371112
1301.71	0.444358
1301.96	0.2881
1302.21	0.522486
1302.46	0.419942
1302.71	0.449241
1302.97	0.488305
1303.22	0.459007
1303.47	0.444358
1303.72	0.522486
1303.97	0.424825
1304.22	0.717808
1304.48	0.371112
1304.73	0.761756
1304.98	0.415059
1305.23	0.722692
1305.48	0.537136
1305.73	0.439475
1305.99	0.51272
1306.24	0.786171
1306.49	0.395527
1306.74	0.385761
1306.99	0.732458
1307.24	0.693393
1307.5	0.468773
1307.75	0.835002
1308	0.937546
1308.25	0.366229
1308.5	0.537136
1308.75	0.336931
1309.01	0.75199
1309.26	0.97661
1309.51	0.556668
1309.76	0.722692
1310.01	0.620147
1310.26	0.634797
1310.52	0.703159
1310.77	0.449241
1311.02	0.776405
1311.27	0.332047
1311.52	0.502954
1311.78	0.336931
1312.03	0.600615
1312.28	0.649446
1312.53	0.488305
1312.78	0.693393
1313.03	0.698276
1313.29	0.590849
1313.54	0.668978
1313.79	0.478539
1314.04	0.405293
1314.29	0.659212
1314.54	0.600615
1314.8	0.571317
1315.05	0.610381
1315.3	0.913131
1315.55	0.659212
1315.8	0.649446
1316.05	0.683627
1316.31	0.615264
1316.56	0.0390644
1316.81	0.517603
1317.06	0.185556
1317.31	0.825236
1317.56	0.273451
1317.82	0.693393
1318.07	0.366229
1318.32	0.546902
1318.57	0.205088
1318.82	0.532253
1319.07	0.615264
1319.33	0.229503
1319.58	0.405293
1319.83	0.620147
1320.08	0.605498
1320.33	0.654329
1320.58	0.600615
1320.84	0.239269
1321.09	0.620147
1321.34	0.395527
1321.59	0.903364
1321.84	0.581083
1322.09	0.35158
1322.35	0.375995
1322.6	0.502954
1322.85	0.668978
1323.1	0.561551
1323.35	0.097661
1323.6	0.835002
1323.86	0.595732
1324.11	0.708042
1324.36	0.81547
1324.61	0.424825
1324.86	0.395527
1325.11	0.449241
1325.37	0.92778
1325.62	0.600615
1325.87	0.649446
1326.12	0.566434
1326.37	0.918014
1326.62	0.546902
1326.88	0.590849
1327.13	0.156258
1327.38	0.454124
1327.63	0.444358
1327.88	0.449241
1328.13	0.40041
1328.39	0.8643
1328.64	0.561551
1328.89	0.610381
1329.14	0.371112
1329.39	0.46389
1329.64	0.498071
1329.9	0.717808
1330.15	0.678744
1330.4	0.795937
1330.65	0.473656
1330.9	0.546902
1331.15	0.317398
1331.41	0.537136
1331.66	0.385761
1331.91	0.390644
1332.16	0.551785
1332.41	0.654329
1332.66	0.454124
1332.92	0.517603
1333.17	0.771522
1333.42	0.742224
1333.67	0.932663
1333.92	0.571317
1334.17	0.532253
1334.43	0.478539
1334.68	0.654329
1334.93	0.820353
1335.18	0.615264
1335.43	0.454124
1335.68	0.791054
1335.94	0.668978
1336.19	0.307632
1336.44	0.585966
1336.69	0.590849
1336.94	0.68851
1337.19	0.493188
1337.45	0.747107
1337.7	0.668978
1337.95	0.46389
1338.2	0.957078
1338.45	0.80082
1338.7	0.80082
1338.96	0.371112
1339.21	0.5762
1339.46	0.375995
1339.71	0.253919
1339.96	0.664095
1340.21	0.693393
1340.47	0.2881
1340.72	0.444358
1340.97	0.668978
1341.22	0.644563
1341.47	0.0781288
1341.72	0.585966
1341.98	0.336931
1342.23	0.537136
1342.48	0.522486
1342.73	0.507837
1342.98	0.341814
1343.24	0.498071
1343.49	0.366229
1343.74	0.581083
1343.99	0.771522
1344.24	0.415059
1344.49	0.629914
1344.75	0.659212
1345	0.517603
1345.25	0.312515
1345.5	0.268568
1345.75	0.986376
1346	0.634797
1346.26	0.434592
1346.51	0.532253
1346.76	0.278334
1347.01	0.483422
1347.26	0.327164
1347.51	0.332047
1347.77	0.644563
1348.02	0.551785
1348.27	0.693393
1348.52	0.468773
1348.77	0.366229
1349.02	0.332047
1349.28	0.888715
1349.53	0.517603
1349.78	0.913131
1350.03	0.542019
1350.28	0.683627
1350.53	0.585966
1350.79	0.268568
1351.04	0.488305
1351.29	0.483422
1351.54	0.63968
1351.79	0.698276
1352.04	0.844768
1352.3	0.17579
1352.55	0.766639
1352.8	0.68851
1353.05	0.0537136
1353.3	0.390644
1353.55	0.478539
1353.81	0.405293
1354.06	1.06939
1354.31	0.595732
1354.56	0.644563
1354.81	0.590849
1355.06	0.75199
1355.32	0.966844
1355.57	0.302749
1355.82	0.52737
1356.07	0.551785
1356.32	0.605498
1356.57	0.629914
1356.83	0.459007
1357.08	0.263685
1357.33	0.634797
1357.58	0.551785
1357.83	0.668978
1358.08	0.620147
1358.34	0.869183
1358.59	0.805703
1358.84	0.97661
1359.09	0.981493
1359.34	0.708042
1359.59	0.459007
1359.85	0.712925
1360.1	0.771522
1360.35	0.68851
1360.6	0.473656
1360.85	0.46389
1361.1	0.537136
1361.36	0.424825
1361.61	0.522486
1361.86	0.502954
1362.11	0.693393
1362.36	0.732458
1362.61	0.678744
1362.87	0.551785
1363.12	0.419942
1363.37	0.546902
1363.62	0.595732
1363.87	0.488305
1364.12	0.961961
1364.38	1.02544
1364.63	0.615264
1364.88	0.332047
1365.13	0.551785
1365.38	0.507837
1365.63	0.620147
1365.89	0.629914
1366.14	0.625031
1366.39	0.537136
1366.64	0.620147
1366.89	0.46389
1367.14	0.722692
1367.4	0.239269
1367.65	0.380878
1367.9	0.488305
1368.15	0.776405
1368.4	0.542019
1368.65	0.537136
1368.91	0.629914
1369.16	0.830119
1369.41	0.473656
1369.66	0.659212
1369.91	0.542019
1370.16	0.551785
1370.42	0.273451
1370.67	0.454124
1370.92	0.517603
1371.17	0.566434
1371.42	0.473656
1371.67	0.668978
1371.93	0.478539
1372.18	0.786171
1372.43	0.605498
1372.68	1.03032
1372.93	1.01567
1373.18	0.698276
1373.44	0.551785
1373.69	0.693393
1373.94	0.459007
1374.19	0.322281
1374.44	0.698276
1374.7	0.371112
1374.95	0.522486
1375.2	1.03521
1375.45	0.51272
1375.7	0.302749
1375.95	0.180673
1376.21	0.297866
1376.46	0.649446
1376.71	0.5762
1376.96	0.712925
1377.21	0.610381
1377.46	0.454124
1377.72	0.449241
1377.97	0.493188
1378.22	0.459007
1378.47	0.483422
1378.72	0.410176
1378.97	0.126959
1379.23	0.63968
1379.48	0.375995
1379.73	0.52737
1379.98	0.649446
1380.23	0.35158
1380.48	0.634797
1380.74	0.507837
1380.99	0.380878
1381.24	0.444358
1381.49	0.610381
1381.74	0.664095
1381.99	0.327164
1382.25	0.385761
1382.5	0.918014
1382.75	0.551785
1383	0.346697
1383.25	0.405293
1383.5	0.561551
1383.76	0.835002
1384.01	0.136725
1384.26	0.327164
1384.51	0.185556
1384.76	0.346697
1385.01	0.644563
1385.27	0.336931
1385.52	0.493188
1385.77	0.327164
1386.02	0.566434
1386.27	0.507837
1386.52	0.810586
1386.78	0.581083
1387.03	0.483422
1387.28	0.249036
1387.53	0.654329
1387.78	0.498071
1388.03	0.473656
1388.29	0.551785
1388.54	0.522486
1388.79	0.546902
1389.04	0.844768
1389.29	0.747107
1389.54	0.81547
1389.8	0.410176
1390.05	0.673861
1390.3	0.415059
1390.55	0.986376
1390.8	0.459007
1391.05	0.336931
1391.31	0.346697
1391.56	0.629914
1391.81	0.629914
1392.06	0.478539
1392.31	0.75199
1392.56	0.459007
1392.82	0.888715
1393.07	0.537136
1393.32	0.478539
1393.57	0.419942
1393.82	0.478539
1394.07	0.146492
1394.33	0.51272
1394.58	0.346697
1394.83	0.52737
1395.08	0.952195
1395.33	0.644563
1395.58	0.786171
1395.84	0.703159
1396.09	0.8643
1396.34	0.63968
1396.59	0.488305
1396.84	0.659212
1397.09	0.424825
1397.35	0.498071
1397.6	0.581083
1397.85	0.693393
1398.1	0.297866
1398.35	0.649446
1398.6	0.307632
1398.86	0.375995
1399.11	0.600615
1399.36	0.229503
1399.61	0.40041
1399.86	0.532253
1400.11	0.449241
1400.37	0.742224
1400.62	0.542019
1400.87	0.668978
1401.12	0.5762
1401.37	0.542019
1401.62	0.5762
1401.88	0.629914
1402.13	0.46389
1402.38	0.185556
1402.63	0.322281
1402.88	0.283217
1403.13	0.341814
1403.39	0.566434
1403.64	0.317398
1403.89	0.551785
1404.14	0.297866
1404.39	0.659212
1404.64	0.136725
1404.9	0.395527
1405.15	0.966844
1405.4	0.585966
1405.65	0.678744
1405.9	0.390644
1406.16	0.717808
1406.41	0.156258
1406.66	0.664095
1406.91	0.200205
1407.16	0.722692
1407.41	0.415059
1407.67	0.678744
1407.92	0.888715
1408.17	0.712925
1408.42	0.375995
1408.67	0.0390644
1408.92	0.380878
1409.18	0.556668
1409.43	0.292983
1409.68	0.908247
1409.93	0.346697
1410.18	0.585966
1410.43	0.439475
1410.69	0.68851
1410.94	0.590849
1411.19	0.551785
1411.44	0.708042
1411.69	0.561551
1411.94	0.893598
1412.2	0.610381
1412.45	0.200205
1412.7	0.507837
1412.95	0.942429
1413.2	0.659212
1413.45	0.805703
1413.71	0.585966
1413.96	0.761756
1414.21	0.805703
1414.46	0.5762
1414.71	0.332047
1414.96	0.239269
1415.22	0.659212
1415.47	0.424825
1415.72	0.551785
1415.97	0.40041
1416.22	0.771522
1416.47	0.336931
1416.73	0.698276
1416.98	0.156258
1417.23	0.747107
1417.48	0.444358
1417.73	0.80082
1417.98	0.737341
1418.24	0.571317
1418.49	0.434592
1418.74	0.620147
1418.99	0.546902
1419.24	0.336931
1419.49	0.297866
1419.75	0.761756
1420	0.566434
1420.25	0.542019
1420.5	0.131842
1420.75	0.844768
1421	0.51272
1421.26	0.571317
1421.51	0.283217
1421.76	0.644563
1422.01	0.312515
1422.26	0.649446
1422.51	0.605498
1422.77	0.693393
1423.02	0.483422
1423.27	0.878949
1423.52	0.292983
1423.77	0.292983
1424.02	0.883832
1424.28	0.405293
1424.53	0.502954
1424.78	0.693393
1425.03	0.903364
1425.28	0.429708
1425.53	0.585966
1425.79	0.449241
1426.04	0.649446
1426.29	0.659212
1426.54	0.126959
1426.79	0.336931
1427.04	0.68851
1427.3	0.493188
1427.55	0.63968
1427.8	0.449241
1428.05	0.332047
1428.3	0.52737
1428.55	0.664095
1428.81	0.63968
1429.06	1.01079
1429.31	0.258802
1429.56	0.161141
1429.81	0.585966
1430.06	0.478539
1430.32	0.820353
1430.57	0.35158
1430.82	0.659212
1431.07	0.537136
1431.32	0.449241
1431.57	0.444358
1431.83	0.542019
1432.08	0.600615
1432.33	0.571317
1432.58	0.493188
1432.83	0.590849
1433.08	0.473656
1433.34	0.170907
1433.59	0.22462
1433.84	0.561551
1434.09	0.854534
1434.34	0.346697
1434.59	0.449241
1434.85	0.278334
1435.1	0.664095
1435.35	0.781288
1435.6	0.380878
1435.85	0.566434
1436.1	1.00103
1436.36	0.239269
1436.61	0.571317
1436.86	0.459007
1437.11	0.346697
1437.36	0.375995
1437.62	0.307632
1437.87	0.473656
1438.12	0.439475
1438.37	0.449241
1438.62	0.571317
1438.87	0.673861
1439.13	0.258802
1439.38	0.581083
1439.63	0.444358
1439.88	0.375995
1440.13	0.092778
1440.38	0.747107
1440.64	0.444358
1440.89	0.678744
1441.14	0.610381
1441.39	0.756873
1441.64	0.517603
1441.89	0.571317
1442.15	0.332047
1442.4	0.253919
1442.65	0.507837
1442.9	0.5762
1443.15	0.444358
1443.4	0.405293
1443.66	0.537136
1443.91	0.380878
1444.16	0.546902
1444.41	0.380878
1444.66	0.493188
1444.91	0.424825
1445.17	0.22462
1445.42	0.302749
1445.67	0.605498
1445.92	0.761756
1446.17	0.791054
1446.42	0.180673
1446.68	0.766639
1446.93	0.502954
1447.18	0.742224
1447.43	0.649446
1447.68	0.727575
1447.93	0.605498
1448.19	0.776405
1448.44	0.156258
1448.69	0.546902
1448.94	0.332047
1449.19	0.712925
1449.44	0.51272
1449.7	1.00103
1449.95	0.537136
1450.2	0.68851
1450.45	0.542019
1450.7	0.468773
1450.95	0.429708
1451.21	0.75199
1451.46	0.488305
1451.71	0.336931
1451.96	0.136725
1452.21	0.35158
1452.46	0.883832
1452.72	0.610381
1452.97	0.742224
1453.22	0.459007
1453.47	0.346697
1453.72	0.605498
1453.97	0.610381
1454.23	0.63968
1454.48	0.459007
1454.73	0.46389
1454.98	0.600615
1455.23	0.317398
1455.48	0.615264
1455.74	0.542019
1455.99	0.380878
1456.24	0.346697
1456.49	0.620147
1456.74	0.542019
1456.99	0.454124
1457.25	0.46389
1457.5	0.698276
1457.75	0.605498
1458	0.52737
1458.25	0.615264
1458.5	0.439475
1458.76	0.454124
1459.01	0.756873
1459.26	0.830119
1459.51	0.52737
1459.76	0.195322
1460.01	0.556668
1460.27	0.273451
1460.52	0.844768
1460.77	0.996142
1461.02	0.517603
1461.27	0.5762
1461.52	0.556668
1461.78	0.410176
1462.03	0.468773
1462.28	0.312515
1462.53	0.68851
1462.78	0.488305
1463.03	0.429708
1463.29	0.63968
1463.54	0.546902
1463.79	0.375995
1464.04	0.439475
1464.29	0.341814
1464.54	0.444358
1464.8	0.380878
1465.05	0.273451
1465.3	0.444358
1465.55	0.366229
1465.8	0.786171
1466.05	0.361346
1466.31	0.444358
1466.56	0.649446
1466.81	0.742224
1467.06	0.68851
1467.31	0.532253
1467.56	0.556668
1467.82	0.595732
1468.07	0.40041
1468.32	0.644563
1468.57	0.273451
1468.82	0.375995
1469.08	0.273451
1469.33	0.429708
1469.58	0.678744
1469.83	0.634797
1470.08	0.605498
1470.33	0.571317
1470.59	0.605498
1470.84	0.180673
1471.09	0.185556
1471.34	0.258802
1471.59	0.459007
1471.84	0.678744
1472.1	0.693393
1472.35	0.483422
1472.6	0.332047
1472.85	0.63968
1473.1	0.517603
1473.35	0.761756
1473.61	0.449241
1473.86	0.717808
1474.11	0.219737
1474.36	0.517603
1474.61	0.654329
1474.86	0.17579
1475.12	0.542019
1475.37	0.52737
1475.62	0.981493
1475.87	0.415059
1476.12	0.434592
1476.37	0.581083
1476.63	0.664095
1476.88	0.356463
1477.13	0.556668
1477.38	0.268568
1477.63	0.932663
1477.88	0.249036
1478.14	0.375995
1478.39	0.532253
1478.64	0.244153
1478.89	0.429708
1479.14	0.664095
1479.39	0.63968
1479.65	0.385761
1479.9	0.742224
1480.15	0.605498
1480.4	0.854534
1480.65	0.537136
1480.9	0.40041
1481.16	0.51272
1481.41	0.68851
1481.66	0.390644
1481.91	0.229503
1482.16	0.385761
1482.41	0.346697
1482.67	0.146492
1482.92	0.727575
1483.17	0.791054
1483.42	0.478539
1483.67	0.683627
1483.92	0.610381
1484.18	0.600615
1484.43	0.434592
1484.68	0.424825
1484.93	0.918014
1485.18	0.488305
1485.43	0.791054
1485.69	0.605498
1485.94	0.922897
1486.19	0.473656
1486.44	0.52737
1486.69	0.693393
1486.94	0.449241
1487.2	0.581083
1487.45	0.341814
1487.7	0.297866
1487.95	0.190439
1488.2	0.444358
1488.45	0.625031
1488.71	0.253919
1488.96	0.805703
1489.21	0.498071
1489.46	0.532253
1489.71	0.698276
1489.96	0.654329
1490.22	0.522486
1490.47	0.556668
1490.72	0.327164
1490.97	0.615264
1491.22	0.546902
1491.47	0.654329
1491.73	0.820353
1491.98	0.375995
1492.23	0.737341
1492.48	0.52737
1492.73	0.571317
1492.98	0.092778
1493.24	0.498071
1493.49	0.610381
1493.74	0.585966
1493.99	0.561551
1494.24	0.52737
1494.49	0.649446
1494.75	0.0292983
1495	0.791054
1495.25	0.385761
1495.5	0.371112
1495.75	0.263685
1496	0.434592
1496.26	0.449241
1496.51	0.727575
1496.76	0.205088
1497.01	0.371112
1497.26	0.92778
1497.51	0.40041
1497.77	0.668978
1498.02	0.395527
1498.27	0.654329
1498.52	0.537136
1498.77	0.551785
1499.02	0.375995
1499.28	0.40041
1499.53	0.419942
1499.78	0.947312
1500.03	0.429708
1500.28	0.522486
1500.54	0.913131
1500.79	0.605498
1501.04	0.605498
1501.29	0.263685
1501.54	0.5762
1501.79	0.585966
1502.05	0.810586
1502.3	0.195322
1502.55	0.678744
1502.8	0.488305
1503.05	0.75199
1503.3	0.693393
1503.56	0.327164
1503.81	0.600615
1504.06	0.556668
1504.31	0.581083
1504.56	0.659212
1504.81	0.712925
1505.07	0.52737
1505.32	0.405293
1505.57	0.551785
1505.82	0.625031
1506.07	0.693393
1506.32	0.371112
1506.58	0.649446
1506.83	0.561551
1507.08	0.385761
1507.33	0.659212
1507.58	0.126959
1507.83	0.737341
1508.09	0.507837
1508.34	0.52737
1508.59	0.600615
1508.84	0.424825
1509.09	0.502954
1509.34	0.561551
1509.6	0.776405
1509.85	0.507837
1510.1	0.390644
