0.27024	80.4385
0.52176	78.9003
0.77328	79.5498
1.0248	78.1337
1.27632	78.9199
1.52784	77.5331
1.77936	78.3925
2.03088	77.0301
2.2824	77.9188
2.53392	76.6004
2.78544	77.494
3.03696	76.1902
3.28848	77.0936
3.54	75.8191
3.79152	76.7176
4.04304	75.5066
4.29456	76.3563
4.54608	75.2234
4.7976	76.0047
5.04912	74.9109
5.30064	75.658
5.55216	74.6374
5.80368	75.3211
6.0552	74.364
6.30672	74.9939
6.55824	74.1149
6.80976	74.6374
7.06128	73.822
7.3128	74.2761
7.56432	73.5827
7.81584	73.9294
8.06736	73.3385
8.31888	73.5827
8.5704	73.0797
8.82192	73.2311
9.07344	72.8258
9.32496	72.8795
9.57648	72.5524
9.828	72.5084
10.0795	72.2789
10.331	72.1471
10.5826	71.9859
10.8341	71.8004
11.0856	71.7174
11.3371	71.4342
11.5886	71.439
11.8402	71.0777
12.0917	71.1656
12.3432	70.7212
12.5947	70.858
12.8462	70.3892
13.0978	70.5454
13.3493	70.0425
13.6008	70.2671
13.8523	69.686
14.1038	69.9741
14.3554	69.3784
14.6069	69.686
14.8584	69.0561
15.1099	69.3637
15.3614	68.7436
15.613	69.0756
15.8645	68.4115
16.116	68.8022
16.3675	68.1332
16.619	68.4848
16.8706	67.8451
17.1221	68.1869
17.3736	67.5668
17.6251	67.9037
17.8766	67.2787
18.1282	67.5912
18.3797	67.0101
18.6312	67.308
18.8827	66.7513
19.1342	67.0003
19.3858	66.4876
19.6373	66.6976
19.8888	66.2191
20.1403	66.4095
20.3918	65.9603
20.6434	66.1214
20.8949	65.6966
21.1464	65.8138
21.3979	65.4378
21.6494	65.5061
21.901	65.1936
22.1525	65.2278
22.404	64.925
22.6555	64.9006
22.907	64.6809
23.1586	64.6272
23.4101	64.4026
23.6616	64.3537
23.9131	64.1584
24.1646	64.0559
24.4162	63.8996
24.6677	63.7678
24.9192	63.631
25.1707	63.4845
25.4222	63.3771
25.6738	63.1916
25.9253	63.1134
26.1768	62.9181
26.4283	62.8839
26.6798	62.6447
26.9314	62.6007
27.1829	62.3663
27.4344	62.3321
27.6859	62.0978
27.9374	62.0685
28.189	61.8292
28.4405	61.8145
28.692	61.5606
28.9435	61.546
29.195	61.2969
29.4466	61.3067
29.6981	61.043
29.9496	61.0186
30.2011	60.7842
30.4526	60.7842
30.7042	60.5157
30.9557	60.501
31.2072	60.2813
31.4587	60.2568
31.7102	60.0371
31.9618	59.9834
32.2133	59.7441
32.4648	59.7392
32.7163	59.5342
32.9678	59.4902
33.2194	59.2851
33.4709	59.2265
33.7224	59.0361
33.9739	58.9726
34.2254	58.7919
34.477	58.704
34.7285	58.5429
34.98	58.4648
35.2315	58.3085
35.483	58.2206
35.7346	58.0692
35.9861	57.9667
36.2376	57.8153
36.4891	57.703
36.7406	57.5858
36.9922	57.4637
37.2437	57.3368
37.4952	57.2245
37.7467	57.1024
37.9982	56.9608
38.2498	56.8582
38.5013	56.7264
38.7528	56.6385
39.0043	56.5018
39.2558	56.3895
39.5074	56.2479
39.7589	56.1356
40.0104	56.0184
40.2619	55.9158
40.5134	55.7644
40.765	55.6814
41.0165	55.5447
41.268	55.4422
41.5195	55.3201
41.771	55.2078
42.0226	55.0515
42.2741	54.9734
42.5256	54.8415
42.7771	54.7292
43.0286	54.5925
43.2802	54.4948
43.5317	54.3777
43.7832	54.2898
44.0347	54.1628
44.2862	54.0456
44.5378	53.9089
44.7893	53.8063
45.0408	53.6989
45.2923	53.6061
45.5438	53.4694
45.7954	53.3571
46.0469	53.2546
46.2984	53.1276
46.5499	52.9811
46.8014	52.9127
47.053	52.8004
47.3045	52.6784
47.556	52.5905
47.8075	52.4586
48.059	52.3512
48.3106	52.2389
48.5621	52.1266
48.8136	52.0191
49.0651	51.9117
49.3166	51.7994
49.5682	51.6871
49.8197	51.5846
50.0712	51.4771
50.3227	51.3795
50.5742	51.2525
50.8258	51.1597
51.0773	51.0376
51.3288	50.9058
51.5803	50.7935
51.8318	50.7007
52.0834	50.6128
52.3349	50.5054
52.5864	50.3833
52.8379	50.2857
53.0894	50.1782
53.341	50.0806
53.5925	49.9683
53.844	49.8657
54.0955	49.7729
54.347	49.646
54.5986	49.5581
54.8501	49.4311
55.1016	49.3188
55.3531	49.226
55.6046	49.1577
55.8562	49.0405
56.1077	48.9282
56.3592	48.811
56.6107	48.7133
56.8622	48.6157
57.1138	48.5229
57.3653	48.4154
57.6168	48.3031
57.8683	48.2201
58.1198	48.1176
58.3714	48.0102
58.6229	47.893
58.8744	47.8002
59.1259	47.7025
59.3774	47.5658
59.629	47.5023
59.8805	47.4144
60.132	47.2972
60.3835	47.2142
60.635	47.1166
60.8866	47.0042
61.1381	46.8871
61.3896	46.8089
61.6411	46.6966
61.8926	46.599
62.1442	46.5013
62.3957	46.4036
62.6472	46.3011
62.8987	46.2327
63.1502	46.1204
63.4018	46.0325
63.6533	45.9153
63.9048	45.8225
64.1563	45.7298
64.4078	45.6223
64.6594	45.5393
64.9109	45.4368
65.1624	45.3245
65.4139	45.2463
65.6654	45.1536
65.917	45.0706
66.1685	44.9534
66.42	44.8801
66.6715	44.7678
66.923	44.6799
67.1746	44.592
67.4261	44.5041
67.6776	44.3869
67.9291	44.299
68.1806	44.216
68.4322	44.133
68.6837	44.0158
68.9352	43.9328
69.1867	43.8156
69.4382	43.7424
69.6898	43.6594
69.9413	43.547
70.1928	43.4689
70.4443	43.3713
70.6958	43.2736
70.9474	43.1955
71.1989	43.0978
71.4504	43.0294
71.7019	42.9269
71.9534	42.8439
72.205	42.7511
72.4565	42.6534
72.708	42.5851
72.9595	42.463
73.211	42.38
73.4626	42.3068
73.7141	42.2091
73.9656	42.1065
74.2171	42.0333
74.4686	41.9308
74.7202	41.8526
74.9717	41.7647
75.2232	41.6768
75.4747	41.5938
75.7262	41.5059
75.9778	41.4083
76.2293	41.3106
76.4808	41.2325
76.7323	41.1446
76.9838	41.0713
77.2354	40.9688
77.4869	40.8907
77.7384	40.8077
77.9899	40.7246
78.2414	40.6221
78.493	40.5537
78.7445	40.4707
78.996	40.3779
79.2475	40.2901
79.499	40.207
79.7506	40.1143
80.0021	40.0264
80.2536	39.958
80.5051	39.8945
80.7566	39.7822
81.0082	39.6992
81.2597	39.626
81.5112	39.5478
81.7627	39.4795
82.0142	39.3525
82.2658	39.2793
82.5173	39.1914
82.7688	39.1181
83.0203	39.0253
83.2718	38.9716
83.5234	38.8642
83.7749	38.791
84.0264	38.6933
84.2779	38.6249
84.5294	38.5566
84.781	38.4687
85.0325	38.3905
85.284	38.3027
85.5355	38.2245
85.787	38.1415
86.0386	38.0731
86.2901	37.995
86.5416	37.9071
86.7931	37.8192
87.0446	37.7362
87.2962	37.6483
87.5477	37.58
87.7992	37.5214
88.0507	37.4237
88.3022	37.3358
88.5538	37.2674
88.8053	37.1991
89.0568	37.1063
89.3083	37.0233
89.5598	36.9452
89.8114	36.8866
90.0629	36.7987
90.3144	36.7157
90.5659	36.6326
90.8174	36.5741
91.069	36.4959
91.3205	36.4129
91.572	36.3445
91.8235	36.2518
92.075	36.1834
92.3266	36.1102
92.5781	36.0467
92.8296	35.9539
93.0811	35.8855
93.3326	35.8025
93.5842	35.7439
93.8357	35.6853
94.0872	35.5828
94.3387	35.49
94.5902	35.4363
94.8418	35.3582
95.0933	35.2849
95.3448	35.2214
95.5963	35.1433
95.8478	35.0701
96.0994	34.9919
96.3509	34.9138
96.6024	34.8406
96.8539	34.7624
97.1054	34.699
97.357	34.6159
97.6085	34.572
97.86	34.4792
98.1115	34.3962
98.363	34.3132
98.6146	34.2497
98.8661	34.196
99.1176	34.1228
99.3691	34.0397
99.6206	33.986
99.8722	33.9079
100.124	33.8395
100.375	33.7712
100.627	33.6882
100.878	33.6149
101.13	33.5612
101.381	33.4782
101.633	33.4001
101.884	33.3415
102.136	33.2731
102.387	33.2047
102.639	33.1315
102.89	33.0534
103.142	32.9752
103.393	32.9215
103.645	32.8727
103.896	32.7799
104.148	32.6969
104.4	32.6481
104.651	32.5455
104.903	32.4869
105.154	32.4283
105.406	32.3746
105.657	32.3063
105.909	32.2379
106.16	32.1598
106.412	32.1012
106.663	32.0475
106.915	31.9547
107.166	31.901
107.418	31.8277
107.669	31.7496
107.921	31.7008
108.172	31.6373
108.424	31.5494
108.675	31.5006
108.927	31.4127
109.178	31.3541
109.43	31.2906
109.681	31.2418
109.933	31.1636
110.184	31.1099
110.436	31.0367
110.688	30.9732
110.939	30.8999
111.191	30.8462
111.442	30.7681
111.694	30.7144
111.945	30.6411
112.197	30.5581
112.448	30.5386
112.7	30.4458
112.951	30.3872
113.203	30.3189
113.454	30.2554
113.706	30.1773
113.957	30.1235
114.209	30.0552
114.46	30.0015
114.712	29.9429
114.963	29.8843
115.215	29.8257
115.466	29.7622
115.718	29.6889
115.969	29.645
116.221	29.5766
116.472	29.4936
116.724	29.4594
116.976	29.3813
117.227	29.3471
117.479	29.269
117.73	29.2153
117.982	29.1518
118.233	29.0737
118.485	29.0151
118.736	28.9516
118.988	28.8832
119.239	28.8295
119.491	28.7807
119.742	28.727
119.994	28.6635
120.245	28.5854
120.497	28.5365
120.748	28.4975
121	28.434
121.251	28.3363
121.503	28.3168
121.754	28.2436
122.006	28.1947
122.257	28.1215
122.509	28.0531
122.76	28.0092
123.012	27.9603
123.264	27.892
123.515	27.8383
123.767	27.7748
124.018	27.7015
124.27	27.6674
124.521	27.5795
124.773	27.5453
125.024	27.4867
125.276	27.4232
125.527	27.3695
125.779	27.2865
126.03	27.267
126.282	27.1937
126.533	27.1351
126.785	27.0814
127.036	27.0179
127.288	26.9642
127.539	26.93
127.791	26.8665
128.042	26.7982
128.294	26.7494
128.545	26.6908
128.797	26.6322
129.048	26.5833
129.3	26.5247
129.552	26.4661
129.803	26.4173
130.055	26.3587
130.306	26.3148
130.558	26.2513
130.809	26.1976
131.061	26.1585
131.312	26.0706
131.564	26.0169
131.815	25.9729
132.067	25.9046
132.318	25.8655
132.57	25.8118
132.821	25.7532
133.073	25.7141
133.324	25.6409
133.576	25.5872
133.827	25.5384
134.079	25.4798
134.33	25.426
134.582	25.387
134.833	25.3235
135.085	25.2698
135.336	25.2112
135.588	25.1721
135.84	25.1086
136.091	25.0354
136.343	25.0012
136.594	24.9524
136.846	24.8938
137.097	24.8645
137.349	24.7912
137.6	24.7668
137.852	24.6985
138.103	24.6448
138.355	24.5862
138.606	24.5324
138.858	24.4836
139.109	24.425
139.361	24.386
139.612	24.3176
139.864	24.2736
140.115	24.2248
140.367	24.1711
140.618	24.1223
140.87	24.0832
141.121	24.0393
141.373	24.0002
141.624	23.9367
141.876	23.8732
142.128	23.8195
142.379	23.7658
142.631	23.7316
142.882	23.6828
143.134	23.6242
143.385	23.5851
143.637	23.5412
143.888	23.4679
144.14	23.4338
144.391	23.3947
144.643	23.341
144.894	23.297
145.146	23.2336
145.397	23.2043
145.649	23.1408
145.9	23.1017
146.152	23.0626
146.403	22.9992
146.655	22.9308
146.906	22.9162
147.158	22.8429
147.409	22.8331
147.661	22.7355
147.912	22.7208
148.164	22.6769
148.416	22.6329
148.667	22.5548
148.919	22.5304
149.17	22.4767
149.422	22.4181
149.673	22.3839
149.925	22.3351
150.176	22.2862
150.428	22.2472
150.679	22.2032
150.931	22.1691
151.182	22.0909
151.434	22.0616
151.685	22.0274
151.937	21.9395
152.188	21.9102
152.44	21.8663
152.691	21.8468
152.943	21.7882
153.194	21.7345
153.446	21.6905
153.697	21.6514
153.949	21.6075
154.2	21.588
154.452	21.5001
154.704	21.4903
154.955	21.4268
155.207	21.3926
155.458	21.334
155.71	21.295
155.961	21.2462
156.213	21.2071
156.464	21.168
156.716	21.1143
156.967	21.0704
157.219	21.0313
157.47	21.0069
157.722	20.9288
157.973	20.8897
158.225	20.8409
158.476	20.8213
158.728	20.7676
158.979	20.7237
159.231	20.6651
159.482	20.6455
159.734	20.5967
159.985	20.5674
160.237	20.5039
160.488	20.4649
160.74	20.4356
160.992	20.3819
161.243	20.3428
161.495	20.3037
161.746	20.2695
161.998	20.2158
162.249	20.1816
162.501	20.1279
162.752	20.1035
163.004	20.04
163.255	19.9961
163.507	19.9619
163.758	19.9131
164.01	19.874
164.261	19.8301
164.513	19.8008
164.764	19.7519
165.016	19.7178
165.267	19.6787
165.519	19.6347
165.77	19.6006
166.022	19.542
166.273	19.498
166.525	19.4834
166.776	19.4345
167.028	19.3857
167.28	19.3369
167.531	19.2881
167.783	19.2685
168.034	19.2295
168.286	19.1904
168.537	19.1416
168.789	19.1025
169.04	19.0634
169.292	19.0195
169.543	18.9658
169.795	18.9267
170.046	18.9121
170.298	18.8583
170.549	18.8437
170.801	18.7851
171.052	18.746
171.304	18.7119
171.555	18.6581
171.807	18.6288
172.058	18.58
172.31	18.5605
172.561	18.5312
172.813	18.4823
173.064	18.4433
173.316	18.3993
173.568	18.3407
173.819	18.3212
174.071	18.2773
174.322	18.2382
174.574	18.2089
174.825	18.1796
175.077	18.1161
175.328	18.0819
175.58	18.0722
175.831	18.0282
176.083	17.9892
176.334	17.9501
176.586	17.9257
176.837	17.872
177.089	17.828
177.34	17.7987
177.592	17.7645
177.843	17.7206
178.095	17.6766
178.346	17.6425
178.598	17.6083
178.849	17.5741
179.101	17.5106
179.352	17.496
179.604	17.4569
179.856	17.4325
180.107	17.4032
180.359	17.3641
180.61	17.3299
180.862	17.3006
181.113	17.2518
181.365	17.2372
181.616	17.159
181.868	17.1493
182.119	17.1102
182.371	17.0711
182.622	17.0223
182.874	16.9979
183.125	16.9686
183.377	16.9295
183.628	16.8954
183.88	16.8416
184.131	16.8172
184.383	16.7977
184.634	16.7635
184.886	16.7244
185.137	16.6952
185.389	16.6366
185.64	16.6121
185.892	16.5926
186.144	16.5438
186.395	16.5145
186.647	16.4754
186.898	16.4412
187.15	16.3973
187.401	16.3875
187.653	16.3387
187.904	16.3045
188.156	16.2654
188.407	16.241
188.659	16.202
188.91	16.1775
189.162	16.1531
189.413	16.1043
189.665	16.0799
189.916	16.0164
190.168	16.0213
190.419	15.9627
190.671	15.9383
190.922	15.9041
191.174	15.8748
191.425	15.8211
191.677	15.8016
191.928	15.7674
192.18	15.7234
192.432	15.7039
192.683	15.6746
192.935	15.6599
193.186	15.616
193.438	15.572
193.689	15.533
193.941	15.5232
194.192	15.4646
194.444	15.4402
194.695	15.406
194.947	15.4011
195.198	15.3572
195.45	15.3132
195.701	15.2937
195.953	15.2547
196.204	15.2302
196.456	15.2009
196.707	15.1765
196.959	15.1375
197.21	15.0837
197.462	15.0789
197.713	15.0349
197.965	15.0105
198.216	14.9763
198.468	14.9421
198.72	14.9275
198.971	14.8738
199.223	14.8396
199.474	14.8201
199.726	14.7761
199.977	14.737
200.229	14.737
200.48	14.7077
200.732	14.6589
200.983	14.6296
201.235	14.6199
201.486	14.5954
201.738	14.5368
201.989	14.5271
202.241	14.4782
202.492	14.4538
202.744	14.4294
202.995	14.4099
203.247	14.3562
203.498	14.3318
203.75	14.3171
204.001	14.2878
204.253	14.2439
204.504	14.2292
204.756	14.195
205.008	14.156
205.259	14.1364
205.511	14.0974
205.762	14.0681
206.014	14.0388
206.265	14.0144
206.517	13.9899
206.768	13.9411
207.02	13.946
207.271	13.8972
207.523	13.8532
207.774	13.8483
208.026	13.8093
208.277	13.78
208.529	13.7604
208.78	13.7409
209.032	13.6872
209.283	13.6677
209.535	13.6335
209.786	13.6237
210.038	13.5651
210.289	13.5553
210.541	13.5261
210.792	13.5016
211.044	13.4968
211.296	13.4479
211.547	13.4235
211.799	13.3991
212.05	13.36
212.302	13.3356
212.553	13.3258
212.805	13.2819
213.056	13.2672
213.308	13.2233
213.559	13.194
213.811	13.1598
214.062	13.1354
214.314	13.1208
214.565	13.0963
214.817	13.0622
215.068	13.0426
215.32	13.0133
215.571	12.9596
215.823	12.9694
216.074	12.9499
216.326	12.9059
216.577	12.8815
216.829	12.8571
217.08	12.8522
217.332	12.7789
217.584	12.7643
217.835	12.7496
218.087	12.7301
218.338	12.7203
218.59	12.6764
218.841	12.6373
219.093	12.6227
219.344	12.6227
219.596	12.569
219.847	12.5446
220.099	12.5153
220.35	12.4957
220.602	12.4664
220.853	12.442
221.105	12.4078
221.356	12.3737
221.608	12.3444
221.859	12.3346
222.111	12.2955
222.362	12.2858
222.614	12.2711
222.865	12.2369
223.117	12.2076
223.368	12.1832
223.62	12.1637
223.872	12.1441
224.123	12.11
224.375	12.066
224.626	12.0611
224.878	12.0465
225.129	12.0172
225.381	12.0074
225.632	11.9732
225.884	11.9293
226.135	11.9146
226.387	11.8805
226.638	11.8463
226.89	11.856
227.141	11.7975
227.393	11.7975
227.644	11.7535
227.896	11.7535
228.147	11.7193
228.399	11.6949
228.65	11.6754
228.902	11.6607
229.153	11.6265
229.405	11.5924
229.656	11.5777
229.908	11.5533
230.16	11.524
230.411	11.4801
230.663	11.4801
230.914	11.4752
231.166	11.4654
231.417	11.4215
231.669	11.3775
231.92	11.3677
232.172	11.3238
232.423	11.314
232.675	11.2701
232.926	11.2701
233.178	11.2408
233.429	11.2115
233.681	11.1968
233.932	11.1871
234.184	11.1529
234.435	11.1334
234.687	11.1089
234.938	11.0845
235.19	11.0601
235.441	11.0552
235.693	11.0113
235.944	11.0064
236.196	10.9771
236.448	10.9429
236.699	10.9429
236.951	10.8892
237.202	10.8746
237.454	10.8697
237.705	10.8355
237.957	10.8062
238.208	10.7964
238.46	10.772
238.711	10.7476
238.963	10.7329
239.214	10.7183
239.466	10.6792
239.717	10.6499
239.969	10.6304
240.22	10.6206
240.472	10.5962
240.723	10.5523
240.975	10.5425
241.226	10.5279
241.478	10.5083
241.729	10.4937
241.981	10.4595
242.232	10.4302
242.484	10.4155
242.736	10.3862
242.987	10.3716
243.239	10.3716
243.49	10.3472
243.742	10.3032
243.993	10.2984
244.245	10.2642
244.496	10.2544
244.748	10.2202
244.999	10.2105
245.251	10.1958
245.502	10.1616
245.754	10.147
246.005	10.1128
246.257	10.1128
246.508	10.0786
246.76	10.0689
247.011	10.0493
247.263	10.0151
247.514	10.0005
247.766	9.99561
248.017	9.95166
248.269	9.93701
248.52	9.94189
248.772	9.87841
249.024	9.87353
249.275	9.85888
249.527	9.84423
249.778	9.81982
250.03	9.80028
250.281	9.77098
250.533	9.7661
250.784	9.73192
251.036	9.71239
251.287	9.69774
251.539	9.66356
251.79	9.64891
252.042	9.64403
252.293	9.61473
252.545	9.60496
252.796	9.5952
253.048	9.56101
253.299	9.55125
253.551	9.5366
253.802	9.50242
254.054	9.48777
254.305	9.45359
254.557	9.42917
254.808	9.44382
255.06	9.39987
255.312	9.39011
255.563	9.36569
255.815	9.33639
256.066	9.33639
256.318	9.31198
256.569	9.28756
256.821	9.29245
257.072	9.25826
257.324	9.22897
257.575	9.2192
257.827	9.1899
258.078	9.18502
258.33	9.14107
258.581	9.12154
258.833	9.11666
259.084	9.11666
259.336	9.09224
259.587	9.07759
259.839	9.06783
260.09	9.03364
260.342	9.00923
260.593	8.99946
260.845	8.96528
261.096	8.97505
261.348	8.92133
261.6	8.92133
261.851	8.9018
262.103	8.88715
262.354	8.86762
262.606	8.86762
262.857	8.81879
263.109	8.79437
263.36	8.78461
263.612	8.78949
263.863	8.76019
264.115	8.73578
264.366	8.71136
264.618	8.69671
264.869	8.67718
265.121	8.6723
265.372	8.65277
265.624	8.643
265.875	8.643
266.127	8.60394
266.378	8.57464
266.63	8.53557
266.881	8.54534
267.133	8.52092
267.384	8.49163
267.636	8.49651
267.888	8.48186
268.139	8.45744
268.391	8.4428
268.642	8.42326
268.894	8.40861
269.145	8.39885
269.397	8.37443
269.648	8.35002
269.9	8.35002
270.151	8.31584
270.403	8.2963
270.654	8.28165
270.906	8.26212
271.157	8.23771
271.409	8.23282
271.66	8.22306
271.912	8.20353
272.163	8.16934
272.415	8.16934
272.666	8.1547
272.918	8.13028
273.169	8.13516
273.421	8.0961
273.672	8.0961
273.924	8.05703
274.176	8.04727
274.427	8.05703
274.679	8.01797
274.93	8.01309
275.182	7.99355
275.433	7.96426
275.685	7.97402
275.936	7.93496
276.188	7.93496
276.439	7.91543
276.691	7.88613
276.942	7.8666
277.194	7.84706
277.445	7.85195
277.697	7.82753
277.948	7.81288
278.2	7.80312
278.451	7.76893
278.703	7.7494
278.954	7.75428
279.206	7.74452
279.457	7.72987
279.709	7.69081
279.96	7.67616
280.212	7.66639
280.464	7.65662
280.715	7.64686
280.967	7.65174
281.218	7.63221
281.47	7.61268
281.721	7.5785
281.973	7.56385
282.224	7.55896
282.476	7.53455
282.727	7.5199
282.979	7.50037
283.23	7.48572
283.482	7.47595
283.733	7.4613
283.985	7.45154
284.236	7.42224
284.488	7.42712
284.739	7.41735
284.991	7.39782
285.242	7.37829
285.494	7.34411
285.745	7.34899
285.997	7.33434
286.248	7.30993
286.5	7.2904
286.752	7.27086
287.003	7.26598
287.255	7.2611
287.506	7.25133
287.758	7.22692
288.009	7.21715
288.261	7.21227
288.512	7.17808
288.764	7.15367
289.015	7.16344
289.267	7.13902
289.518	7.12437
289.77	7.12925
290.021	7.10972
290.273	7.09019
290.524	7.06577
290.776	7.05601
291.027	7.04624
291.279	7.02671
291.53	6.99741
291.782	6.98765
292.033	6.98765
292.285	6.96811
292.536	6.94858
292.788	6.94858
293.04	6.91928
293.291	6.90952
293.543	6.91928
293.794	6.89487
294.046	6.88022
294.297	6.86069
294.549	6.84115
294.8	6.82651
295.052	6.80697
295.303	6.78744
295.555	6.79232
295.806	6.76791
296.058	6.74349
296.309	6.76303
296.561	6.72396
296.812	6.71908
297.064	6.68978
297.315	6.69466
297.567	6.6849
297.818	6.6556
298.07	6.66536
298.321	6.65072
298.573	6.62142
298.824	6.61653
299.076	6.597
299.328	6.59212
299.579	6.59212
299.831	6.5677
300.082	6.53352
300.334	6.52864
300.585	6.52376
300.837	6.49446
301.088	6.50422
301.34	6.49934
301.591	6.47493
301.843	6.45051
302.094	6.45051
302.346	6.43586
302.597	6.42121
302.849	6.40656
303.1	6.38703
303.352	6.36262
303.603	6.38215
303.855	6.38703
304.106	6.3382
304.358	6.33332
304.609	6.34797
304.861	6.3089
305.112	6.29914
305.364	6.2796
305.616	6.26495
305.867	6.26495
306.119	6.24542
306.37	6.22101
306.622	6.22101
306.873	6.20147
307.125	6.19659
307.376	6.19171
307.628	6.15753
307.879	6.16241
308.131	6.12823
308.382	6.13311
308.634	6.09893
308.885	6.09405
309.137	6.09893
309.388	6.08428
309.64	6.07452
309.891	6.08428
310.143	6.02568
310.394	6.0501
310.646	6.0208
310.897	6.00127
311.149	5.9915
311.4	5.9915
311.652	5.97685
311.904	5.96709
312.155	5.94756
312.407	5.94267
312.658	5.93779
312.91	5.91337
313.161	5.90849
313.413	5.90849
313.664	5.87919
313.916	5.87919
314.167	5.8499
314.419	5.85478
314.67	5.83525
314.922	5.8206
315.173	5.81571
315.425	5.79618
315.676	5.80106
315.928	5.78642
316.179	5.762
316.431	5.75712
316.682	5.74735
316.934	5.72294
317.185	5.71317
317.437	5.69852
317.688	5.69852
317.94	5.69852
318.192	5.67899
318.443	5.67411
318.695	5.65457
318.946	5.65457
319.198	5.62527
319.449	5.61063
319.701	5.61063
319.952	5.59598
320.204	5.60086
320.455	5.57156
320.707	5.5618
320.958	5.56668
321.21	5.5618
321.461	5.52273
321.713	5.50808
321.964	5.52273
322.216	5.49832
322.467	5.49343
322.719	5.4739
322.97	5.45925
323.222	5.45925
323.473	5.45437
323.725	5.42507
323.976	5.42019
324.228	5.40065
324.48	5.42507
324.731	5.39089
324.983	5.40065
325.234	5.38601
325.486	5.36159
325.737	5.33717
325.989	5.34206
326.24	5.30788
326.492	5.32253
326.743	5.31276
326.995	5.29323
327.246	5.2737
327.498	5.29323
327.749	5.26393
328.001	5.25905
328.252	5.2444
328.504	5.23463
328.755	5.2151
329.007	5.20533
329.258	5.2151
329.51	5.19068
329.761	5.17115
330.013	5.17115
330.264	5.14185
330.516	5.14674
330.768	5.14674
331.019	5.1272
331.271	5.11255
331.522	5.10767
331.774	5.10767
332.025	5.09302
332.277	5.09302
332.528	5.06372
332.78	5.06372
333.031	5.03931
333.283	5.03443
333.534	5.02466
333.786	5.01001
334.037	5.01978
334.289	4.99536
334.54	4.99048
334.792	4.97095
335.043	4.96118
335.295	4.96606
335.546	4.97095
335.798	4.94165
336.049	4.94653
336.301	4.92212
336.552	4.92212
336.804	4.92212
337.056	4.90258
337.307	4.88305
337.559	4.88305
337.81	4.8684
338.062	4.87328
338.313	4.84887
338.565	4.80981
338.816	4.84399
339.068	4.81957
339.319	4.79516
339.571	4.79027
339.822	4.78051
340.074	4.78539
340.325	4.78539
340.577	4.75121
340.828	4.77074
341.08	4.74633
341.331	4.75121
341.583	4.74144
341.834	4.70726
342.086	4.71214
342.337	4.70238
342.589	4.69261
342.84	4.68773
343.092	4.66331
343.344	4.65843
343.595	4.66331
343.847	4.65355
344.098	4.63402
344.35	4.6389
344.601	4.6096
344.853	4.61937
345.104	4.60472
345.356	4.59983
345.607	4.57542
345.859	4.57542
346.11	4.56077
346.362	4.55589
346.613	4.53635
346.865	4.51682
347.116	4.53147
347.368	4.52171
347.619	4.51194
347.871	4.49729
348.122	4.49241
348.374	4.47776
348.625	4.47287
348.877	4.45334
349.128	4.44358
349.38	4.45823
349.632	4.44358
349.883	4.42404
350.135	4.40451
350.386	4.42404
350.638	4.40939
350.889	4.39963
351.141	4.41916
351.392	4.37521
351.644	4.37033
351.895	4.36545
352.147	4.35568
352.398	4.34103
352.65	4.34592
352.901	4.33615
353.153	4.31173
353.404	4.30685
353.656	4.31173
353.907	4.2922
354.159	4.28244
354.41	4.28732
354.662	4.26779
354.913	4.25802
355.165	4.25314
355.416	4.25802
355.668	4.22872
355.92	4.23361
356.171	4.20919
356.423	4.22872
356.674	4.21407
356.926	4.20431
357.177	4.19454
357.429	4.20431
357.68	4.17989
357.932	4.17501
358.183	4.15059
358.435	4.13106
358.686	4.13106
358.938	4.10665
359.189	4.12129
359.441	4.12618
359.692	4.10665
359.944	4.10176
360.195	4.06758
360.447	4.07246
360.698	4.08223
360.95	4.06758
361.201	4.05782
361.453	4.05782
361.704	4.02852
361.956	4.04805
362.208	4.0334
362.459	3.99922
362.711	4.0041
362.962	4.00898
363.214	3.97969
363.465	3.97969
363.717	3.9748
363.968	3.98457
364.22	3.94551
364.471	3.96015
364.723	3.95039
364.974	3.94551
365.226	3.94062
365.477	3.95039
365.729	3.93574
365.98	3.91621
366.232	3.90644
366.483	3.88203
366.735	3.90156
366.986	3.89179
367.238	3.86249
367.489	3.86738
367.741	3.86738
367.992	3.84296
368.244	3.86249
368.496	3.85273
368.747	3.83808
368.999	3.83319
369.25	3.82343
369.502	3.81366
369.753	3.81366
370.005	3.79413
370.256	3.77948
370.508	3.78436
370.759	3.75507
371.011	3.75995
371.262	3.75507
371.514	3.73065
371.765	3.75995
372.017	3.75018
372.268	3.72577
372.52	3.73065
372.771	3.72088
373.023	3.716
373.274	3.69647
373.526	3.71112
373.777	3.67694
374.029	3.67205
374.28	3.67694
374.532	3.66229
374.784	3.67205
375.035	3.64764
375.287	3.63787
375.538	3.62322
375.79	3.62811
376.041	3.62322
376.293	3.62811
376.544	3.61834
376.796	3.60857
377.047	3.59393
377.299	3.59393
377.55	3.57439
377.802	3.59881
378.053	3.56951
378.305	3.57439
378.556	3.55974
378.808	3.56951
379.059	3.54021
379.311	3.54509
379.562	3.54998
379.814	3.52556
380.065	3.51091
380.317	3.50603
380.568	3.51091
380.82	3.50115
381.072	3.50115
381.323	3.49626
381.575	3.49138
381.826	3.47673
382.078	3.46697
382.329	3.44743
382.581	3.45232
382.832	3.45232
383.084	3.4572
383.335	3.44255
383.587	3.4279
383.838	3.40837
384.09	3.40837
384.341	3.3986
384.593	3.40349
384.844	3.37907
385.096	3.38884
385.347	3.38395
385.599	3.37907
385.85	3.35466
386.102	3.35954
386.353	3.36931
386.605	3.34977
386.856	3.34001
387.108	3.34001
387.36	3.33512
387.611	3.33024
387.863	3.30583
388.114	3.32536
388.366	3.30094
388.617	3.28141
388.869	3.28629
389.12	3.29606
389.372	3.27653
389.623	3.27164
389.875	3.28629
390.126	3.24723
390.378	3.24723
390.629	3.24723
390.881	3.25211
391.132	3.24723
391.384	3.23746
391.635	3.22281
391.887	3.20816
392.138	3.1984
392.39	3.20328
392.641	3.21305
392.893	3.20328
393.144	3.20816
393.396	3.1984
393.648	3.1691
393.899	3.17398
394.151	3.17398
394.402	3.17398
394.654	3.14957
394.905	3.14957
395.157	3.13492
395.408	3.1398
395.66	3.14468
395.911	3.11539
396.163	3.12515
396.414	3.10074
396.666	3.10562
396.917	3.10074
397.169	3.07632
397.42	3.1105
397.672	3.07632
397.923	3.08121
398.175	3.08121
398.426	3.06167
398.678	3.07632
398.929	3.05679
399.181	3.04214
399.432	3.04214
399.684	3.04214
399.936	3.03726
400.187	3.04214
400.439	3.03237
400.69	3.02261
400.942	3.00796
401.193	2.99331
401.445	2.99819
401.696	2.98354
401.948	2.97866
402.199	2.99819
402.451	2.96401
402.702	2.96889
402.954	2.98843
403.205	2.95425
403.457	2.96889
403.708	2.92983
403.96	2.94936
404.211	2.94936
404.463	2.96401
404.714	2.91518
404.966	2.94936
405.217	2.92006
405.469	2.92006
405.72	2.90542
405.972	2.91518
406.224	2.91518
406.475	2.90053
406.727	2.88588
406.978	2.87123
407.23	2.8517
407.481	2.87612
407.733	2.85658
407.984	2.86635
408.236	2.84194
408.487	2.84194
408.739	2.86147
408.99	2.83705
409.242	2.81752
409.493	2.80775
409.745	2.82729
409.996	2.8224
410.248	2.81264
410.499	2.79311
410.751	2.79799
411.002	2.78822
411.254	2.78822
411.505	2.78822
411.757	2.76381
412.008	2.76869
412.26	2.75892
412.512	2.75404
412.763	2.74916
413.015	2.74916
413.266	2.74427
413.518	2.73451
413.769	2.72474
414.021	2.72474
414.272	2.73451
414.524	2.71986
414.775	2.70521
415.027	2.71986
415.278	2.71498
415.53	2.70521
415.781	2.71009
416.033	2.68568
416.284	2.67591
416.536	2.67103
416.787	2.66126
417.039	2.66615
417.29	2.69056
417.542	2.66126
417.793	2.64661
418.045	2.6515
418.296	2.64661
418.548	2.64173
418.8	2.63196
419.051	2.64661
419.303	2.6222
419.554	2.62708
419.806	2.61243
420.057	2.6222
420.309	2.61243
420.56	2.61243
420.812	2.60755
421.063	2.5929
421.315	2.60755
421.566	2.58802
421.818	2.56848
422.069	2.5636
422.321	2.57337
422.572	2.55872
422.824	2.57337
423.075	2.54895
423.327	2.55872
423.578	2.54895
423.83	2.5343
424.081	2.54895
424.333	2.5343
424.584	2.52454
424.836	2.52942
425.088	2.50501
425.339	2.50989
425.591	2.49036
425.842	2.50012
426.094	2.51477
426.345	2.49036
426.597	2.48059
426.848	2.47082
427.1	2.48059
427.351	2.50012
427.603	2.45617
427.854	2.49524
428.106	2.45617
428.357	2.46106
428.609	2.45617
428.86	2.44641
429.112	2.45129
429.363	2.45617
429.615	2.44153
429.866	2.43664
430.118	2.41711
430.369	2.43176
430.621	2.43176
430.872	2.42688
431.124	2.40734
431.376	2.41223
431.627	2.37805
431.879	2.39758
432.13	2.38293
432.382	2.37316
432.633	2.39758
432.885	2.37805
433.136	2.36828
433.388	2.38293
433.639	2.37805
433.891	2.35363
434.142	2.35363
434.394	2.35851
434.645	2.35363
434.897	2.35363
435.148	2.37316
435.4	2.33898
435.651	2.3341
435.903	2.33898
436.154	2.33898
436.406	2.33898
436.657	2.31457
436.909	2.31457
437.16	2.31457
437.412	2.29503
437.664	2.29015
437.915	2.29992
438.167	2.31457
438.418	2.29015
438.67	2.28038
438.921	2.27062
439.173	2.28527
439.424	2.29015
439.676	2.26574
439.927	2.26574
440.179	2.25597
440.43	2.2462
440.682	2.26574
440.933	2.26085
441.185	2.25109
441.436	2.23644
441.688	2.22667
441.939	2.23155
442.191	2.23644
442.442	2.22667
442.694	2.23155
442.945	2.20714
443.197	2.22179
443.448	2.21202
443.7	2.21202
443.952	2.19249
444.203	2.19249
444.455	2.20226
444.706	2.20226
444.958	2.18761
445.209	2.19249
445.461	2.17784
445.712	2.18761
445.964	2.17784
446.215	2.16807
446.467	2.16319
446.718	2.16319
446.97	2.17296
447.221	2.14854
447.473	2.13878
447.724	2.15343
447.976	2.15343
448.227	2.14854
448.479	2.12901
448.73	2.12901
448.982	2.11924
449.233	2.10948
449.485	2.12901
449.736	2.11436
449.988	2.11436
450.24	2.11924
450.491	2.09971
450.743	2.09971
450.994	2.08995
451.246	2.09483
451.497	2.09483
451.749	2.08506
452	2.08995
452.252	2.08506
452.503	2.08506
452.755	2.05088
453.006	2.06065
453.258	2.07041
453.509	2.06065
453.761	2.06065
454.012	2.06065
454.264	2.04112
454.515	2.03135
454.767	2.03623
455.018	2.05088
455.27	2.03623
455.521	2.02158
455.773	2.03135
456.024	2.0167
456.276	2.01182
456.528	2.02647
456.779	2.01182
457.031	2.02158
457.282	2.02158
457.534	2.01182
457.785	2.01182
458.037	2.0167
458.288	1.98252
458.54	1.9874
458.791	1.9874
459.043	1.98252
459.294	1.97764
459.546	1.96299
459.797	1.94834
460.049	1.97275
460.3	1.96299
460.552	1.95322
460.803	1.9581
461.055	1.96299
461.306	1.93369
461.558	1.95322
461.809	1.94345
462.061	1.93369
462.312	1.94834
462.564	1.94345
462.816	1.93369
463.067	1.92392
463.319	1.90927
463.57	1.93369
463.822	1.91416
464.073	1.93369
464.325	1.90927
464.576	1.89951
464.828	1.89951
465.079	1.89951
465.331	1.89951
465.582	1.89462
465.834	1.89951
466.085	1.89462
466.337	1.87509
466.588	1.87997
466.84	1.87509
467.091	1.88486
467.343	1.86533
467.594	1.87509
467.846	1.86044
468.097	1.87997
468.349	1.85556
468.6	1.85556
468.852	1.84579
469.104	1.87021
469.355	1.86533
469.607	1.84091
469.858	1.83114
470.11	1.85068
470.361	1.83114
470.613	1.81649
470.864	1.82138
471.116	1.82626
471.367	1.81649
471.619	1.80673
471.87	1.81161
472.122	1.80673
472.373	1.81161
472.625	1.79208
472.876	1.80185
473.128	1.79696
473.379	1.81161
473.631	1.80673
473.882	1.79696
474.134	1.79696
474.385	1.77743
474.637	1.76766
474.888	1.77743
475.14	1.76766
475.392	1.79208
475.643	1.77255
475.895	1.76278
476.146	1.77255
476.398	1.7579
476.649	1.7579
476.901	1.76766
477.152	1.75302
477.404	1.75302
477.655	1.75302
477.907	1.75302
478.158	1.7286
478.41	1.73348
478.661	1.71883
478.913	1.72372
479.164	1.7286
479.416	1.73348
479.667	1.71395
479.919	1.73837
480.17	1.7286
480.422	1.7286
480.673	1.70418
480.925	1.71395
481.176	1.68954
481.428	1.69442
481.68	1.67489
481.931	1.68465
482.183	1.6993
482.434	1.70418
482.686	1.70418
482.937	1.70418
483.189	1.67
483.44	1.68465
483.692	1.67977
483.943	1.66512
484.195	1.69442
484.446	1.66024
484.698	1.65047
484.949	1.66512
485.201	1.66024
485.452	1.65535
485.704	1.66512
485.955	1.65535
486.207	1.67
486.458	1.65535
486.71	1.65047
486.961	1.65535
487.213	1.64071
487.464	1.62606
487.716	1.64559
487.968	1.65535
488.219	1.62606
488.471	1.62606
488.722	1.62606
488.974	1.62606
489.225	1.61141
489.477	1.61629
489.728	1.61629
489.98	1.61141
490.231	1.61141
490.483	1.60164
490.734	1.60164
490.986	1.58699
491.237	1.59676
491.489	1.61141
491.74	1.59676
491.992	1.58211
492.243	1.58211
492.495	1.58211
492.746	1.58211
492.998	1.58211
493.249	1.58211
493.501	1.56746
493.752	1.56746
494.004	1.56746
494.256	1.55281
494.507	1.55281
494.759	1.55281
495.01	1.56258
495.262	1.56258
495.513	1.56746
495.765	1.54304
496.016	1.53816
496.268	1.54304
496.519	1.54304
496.771	1.52839
497.022	1.52839
497.274	1.56258
497.525	1.52839
497.777	1.53328
498.028	1.53328
498.28	1.51375
498.531	1.53816
498.783	1.52839
499.034	1.52351
499.286	1.50886
499.537	1.51863
499.789	1.50886
500.04	1.4991
500.292	1.48933
500.544	1.49421
500.795	1.50398
501.047	1.48933
501.298	1.48445
501.55	1.50886
501.801	1.51375
502.053	1.47956
502.304	1.48445
502.556	1.47468
502.807	1.47956
503.059	1.45515
503.31	1.48445
503.562	1.47956
503.813	1.46003
504.065	1.46492
504.316	1.46003
504.568	1.45515
504.819	1.46492
505.071	1.4698
505.322	1.45515
505.574	1.4405
505.825	1.45027
506.077	1.45027
506.328	1.45027
506.58	1.45515
506.832	1.44538
507.083	1.44538
507.335	1.45027
507.586	1.45027
507.838	1.42585
508.089	1.4405
508.341	1.43562
508.592	1.42585
508.844	1.41608
509.095	1.39655
509.347	1.4112
509.598	1.42097
509.85	1.4112
510.101	1.42097
510.353	1.42097
510.604	1.41608
510.856	1.39655
511.107	1.3819
511.359	1.37702
511.61	1.39655
511.862	1.40632
512.113	1.38679
512.365	1.39167
512.616	1.3819
512.868	1.39167
513.12	1.38679
513.371	1.3819
513.623	1.36237
513.874	1.3819
514.126	1.37214
514.377	1.37214
514.629	1.35749
514.88	1.37214
515.132	1.35749
515.383	1.35749
515.635	1.37702
515.886	1.34772
516.138	1.35749
516.389	1.36237
516.641	1.3819
516.892	1.33796
517.144	1.35261
517.395	1.34284
517.647	1.33796
517.898	1.34772
518.15	1.33307
518.401	1.32331
518.653	1.35261
518.904	1.32331
519.156	1.32331
519.408	1.35261
519.659	1.32819
519.911	1.33307
520.162	1.32331
520.414	1.35261
520.665	1.32819
520.917	1.30866
521.168	1.30866
521.42	1.31354
521.671	1.31842
521.923	1.30377
522.174	1.29401
522.426	1.31354
522.677	1.30377
522.929	1.31354
523.18	1.32819
523.432	1.29889
523.683	1.30377
523.935	1.27448
524.186	1.27936
524.438	1.29401
524.689	1.29889
524.941	1.31354
525.192	1.30377
525.444	1.26471
525.696	1.27936
525.947	1.28913
526.199	1.27448
526.45	1.28424
526.702	1.27448
526.953	1.28424
527.205	1.26959
527.456	1.27936
527.708	1.26471
527.959	1.27448
528.211	1.27936
528.462	1.25983
528.714	1.25983
528.965	1.24029
529.217	1.24518
529.468	1.26471
529.72	1.23541
529.971	1.24518
530.223	1.23541
530.474	1.24518
530.726	1.23541
530.977	1.24029
531.229	1.24518
531.48	1.21588
531.732	1.22565
531.984	1.24518
532.235	1.22565
532.487	1.23053
532.738	1.211
532.99	1.24029
533.241	1.21588
533.493	1.23053
533.744	1.22565
533.996	1.20611
534.247	1.23053
534.499	1.22076
534.75	1.20123
535.002	1.211
535.253	1.211
535.505	1.20611
535.756	1.20611
536.008	1.1817
536.259	1.18658
536.511	1.19146
536.762	1.19146
537.014	1.22076
537.265	1.19635
537.517	1.19635
537.768	1.18658
538.02	1.19146
538.272	1.20123
538.523	1.20123
538.775	1.19146
539.026	1.18658
539.278	1.19146
539.529	1.19146
539.781	1.1817
540.032	1.17682
540.284	1.17193
540.535	1.19146
540.787	1.1817
541.038	1.15728
541.29	1.16217
541.541	1.16705
541.793	1.15728
542.044	1.17193
542.296	1.16705
542.547	1.14752
542.799	1.16217
543.05	1.1524
543.302	1.1524
543.553	1.13287
543.805	1.14263
544.056	1.15728
544.308	1.13775
544.56	1.13775
544.811	1.10845
545.063	1.14263
545.314	1.13287
545.566	1.1524
545.817	1.14263
546.069	1.15728
546.32	1.11822
546.572	1.12798
546.823	1.13287
547.075	1.12798
547.326	1.1231
547.578	1.11822
547.829	1.10357
548.081	1.11334
548.332	1.10357
548.584	1.10845
548.835	1.08892
549.087	1.11822
549.338	1.11334
549.59	1.11822
549.841	1.11822
550.093	1.11334
550.344	1.11334
550.596	1.11334
550.848	1.09869
551.099	1.10357
551.351	1.08892
551.602	1.10845
551.854	1.0938
552.105	1.11822
552.357	1.08892
552.608	1.07915
552.86	1.09869
553.111	1.10357
553.363	1.08892
553.614	1.07427
553.866	1.06939
554.117	1.06939
554.369	1.07915
554.62	1.06451
554.872	1.07915
555.123	1.08892
555.375	1.05474
555.626	1.06939
555.878	1.05962
556.129	1.04986
556.381	1.06451
556.632	1.04497
556.884	1.05962
557.136	1.06939
557.387	1.05474
557.639	1.06451
557.89	1.05474
558.142	1.06939
558.393	1.05962
558.645	1.05474
558.896	1.03521
559.148	1.04009
559.399	1.04009
559.651	1.04497
559.902	1.04986
560.154	1.03521
560.405	1.03032
560.657	1.03521
560.908	1.05474
561.16	1.04009
561.411	1.06451
561.663	1.03521
561.914	1.01567
562.166	1.03032
562.417	1.03521
562.669	1.03521
562.92	1.03032
563.172	1.02544
563.424	1.00591
563.675	1.01079
563.927	1.01567
564.178	1.01079
564.43	1.01567
564.681	1.02056
564.933	1.00591
565.184	1.01079
565.436	1.02056
565.687	1.01567
565.939	1.01567
566.19	0.986376
566.442	1.01567
566.693	1.00591
566.945	1.01079
567.196	1.02056
567.448	1.01079
567.699	1.00591
567.951	1.01079
568.202	0.996142
568.454	1.00591
568.705	0.991259
568.957	1.00103
569.208	0.991259
569.46	0.986376
569.712	1.00103
569.963	0.986376
570.215	0.991259
570.466	0.97661
570.718	0.996142
570.969	0.991259
571.221	1.00103
571.472	0.981493
571.724	0.971727
571.975	0.966844
572.227	0.981493
572.478	0.966844
572.73	0.971727
572.981	0.971727
573.233	0.981493
573.484	0.991259
573.736	0.966844
573.987	0.966844
574.239	0.966844
574.49	0.971727
574.742	0.986376
574.993	0.957078
575.245	0.952195
575.496	0.961961
575.748	0.952195
576	0.981493
576.251	0.957078
576.503	0.957078
576.754	0.966844
577.006	0.952195
577.257	0.952195
577.509	0.947312
577.76	0.937546
578.012	0.937546
578.263	0.952195
578.515	0.937546
578.766	0.937546
579.018	0.937546
579.269	0.942429
579.521	0.952195
579.772	0.942429
580.024	0.937546
580.275	0.942429
580.527	0.947312
580.778	0.942429
581.03	0.922897
581.281	0.942429
581.533	0.922897
581.784	0.918014
582.036	0.922897
582.288	0.918014
582.539	0.942429
582.791	0.92778
583.042	0.903364
583.294	0.913131
583.545	0.922897
583.797	0.903364
584.048	0.92778
584.3	0.922897
584.551	0.908247
584.803	0.918014
585.054	0.913131
585.306	0.893598
585.557	0.883832
585.809	0.908247
586.06	0.903364
586.312	0.903364
586.563	0.898481
586.815	0.893598
587.066	0.898481
587.318	0.913131
587.569	0.92778
587.821	0.903364
588.072	0.903364
588.324	0.878949
588.576	0.903364
588.827	0.888715
589.079	0.874066
589.33	0.883832
589.582	0.883832
589.833	0.898481
590.085	0.893598
590.336	0.878949
590.588	0.918014
590.839	0.878949
591.091	0.893598
591.342	0.878949
591.594	0.874066
591.845	0.859417
592.097	0.888715
592.348	0.898481
592.6	0.878949
592.851	0.878949
593.103	0.849651
593.354	0.854534
593.606	0.869183
593.857	0.874066
594.109	0.893598
594.36	0.888715
594.612	0.869183
594.864	0.878949
595.115	0.8643
595.367	0.869183
595.618	0.859417
595.87	0.8643
596.121	0.869183
596.373	0.844768
596.624	0.849651
596.876	0.874066
597.127	0.8643
597.379	0.835002
597.63	0.8643
597.882	0.849651
598.133	0.844768
598.385	0.854534
598.636	0.835002
598.888	0.844768
599.139	0.8643
599.391	0.859417
599.642	0.844768
599.894	0.830119
600.145	0.849651
600.397	0.849651
600.648	0.844768
600.9	0.859417
601.152	0.844768
601.403	0.849651
601.655	0.835002
601.906	0.825236
602.158	0.820353
602.409	0.830119
602.661	0.839885
602.912	0.81547
603.164	0.839885
603.415	0.825236
603.667	0.825236
603.918	0.825236
604.17	0.81547
604.421	0.81547
604.673	0.835002
604.924	0.81547
605.176	0.810586
605.427	0.81547
605.679	0.825236
605.93	0.810586
606.182	0.820353
606.433	0.80082
606.685	0.830119
606.936	0.820353
607.188	0.825236
607.44	0.80082
607.691	0.80082
607.943	0.80082
608.194	0.80082
608.446	0.795937
608.697	0.810586
608.949	0.81547
609.2	0.80082
609.452	0.805703
609.703	0.80082
609.955	0.795937
610.206	0.791054
610.458	0.805703
610.709	0.791054
610.961	0.80082
611.212	0.786171
611.464	0.795937
611.715	0.810586
611.967	0.791054
612.218	0.791054
612.47	0.80082
612.721	0.781288
612.973	0.80082
613.224	0.791054
613.476	0.805703
613.728	0.791054
613.979	0.781288
614.231	0.776405
614.482	0.776405
614.734	0.771522
614.985	0.786171
615.237	0.795937
615.488	0.791054
615.74	0.80082
615.991	0.771522
616.243	0.781288
616.494	0.805703
616.746	0.781288
616.997	0.776405
617.249	0.771522
617.5	0.771522
617.752	0.771522
618.003	0.776405
618.255	0.766639
618.506	0.771522
618.758	0.771522
619.009	0.756873
619.261	0.75199
619.512	0.75199
619.764	0.742224
620.016	0.75199
620.267	0.761756
620.519	0.75199
620.77	0.761756
621.022	0.75199
621.273	0.761756
621.525	0.761756
621.776	0.766639
622.028	0.75199
622.279	0.75199
622.531	0.747107
622.782	0.771522
623.034	0.771522
623.285	0.737341
623.537	0.742224
623.788	0.756873
624.04	0.75199
624.291	0.756873
624.543	0.747107
624.794	0.742224
625.046	0.75199
625.297	0.727575
625.549	0.747107
625.8	0.737341
626.052	0.737341
626.304	0.737341
626.555	0.756873
626.807	0.737341
627.058	0.747107
627.31	0.732458
627.561	0.737341
627.813	0.732458
628.064	0.732458
628.316	0.712925
628.567	0.722692
628.819	0.722692
629.07	0.722692
629.322	0.722692
629.573	0.732458
629.825	0.742224
630.076	0.708042
630.328	0.747107
630.579	0.722692
630.831	0.732458
631.082	0.722692
631.334	0.727575
631.585	0.708042
631.837	0.722692
632.088	0.727575
632.34	0.722692
632.592	0.737341
632.843	0.717808
633.095	0.703159
633.346	0.708042
633.598	0.703159
633.849	0.732458
634.101	0.717808
634.352	0.708042
634.604	0.727575
634.855	0.712925
635.107	0.732458
635.358	0.708042
635.61	0.727575
635.861	0.717808
636.113	0.703159
636.364	0.708042
636.616	0.717808
636.867	0.693393
637.119	0.712925
637.37	0.693393
637.622	0.703159
637.873	0.693393
638.125	0.727575
638.376	0.708042
638.628	0.693393
638.88	0.698276
639.131	0.68851
639.383	0.727575
639.634	0.68851
639.886	0.703159
640.137	0.68851
640.389	0.683627
640.64	0.683627
640.892	0.703159
641.143	0.683627
641.395	0.673861
641.646	0.683627
641.898	0.698276
642.149	0.693393
642.401	0.678744
642.652	0.68851
642.904	0.68851
643.155	0.68851
643.407	0.673861
643.658	0.659212
643.91	0.683627
644.161	0.68851
644.413	0.68851
644.664	0.673861
644.916	0.678744
645.168	0.68851
645.419	0.683627
645.671	0.673861
645.922	0.668978
646.174	0.673861
646.425	0.698276
646.677	0.673861
646.928	0.664095
647.18	0.654329
647.431	0.664095
647.683	0.659212
647.934	0.693393
648.186	0.654329
648.437	0.659212
648.689	0.654329
648.94	0.654329
649.192	0.668978
649.443	0.668978
649.695	0.668978
649.946	0.664095
650.198	0.668978
650.449	0.673861
650.701	0.664095
650.952	0.659212
651.204	0.664095
651.456	0.649446
651.707	0.664095
651.959	0.673861
652.21	0.654329
652.462	0.644563
652.713	0.659212
652.965	0.625031
653.216	0.659212
653.468	0.654329
653.719	0.63968
653.971	0.644563
654.222	0.649446
654.474	0.644563
654.725	0.664095
654.977	0.664095
655.228	0.659212
655.48	0.649446
655.731	0.659212
655.983	0.644563
656.234	0.634797
656.486	0.634797
656.737	0.629914
656.989	0.649446
657.24	0.664095
657.492	0.644563
657.744	0.629914
657.995	0.634797
658.247	0.629914
658.498	0.654329
658.75	0.629914
659.001	0.644563
659.253	0.629914
659.504	0.659212
659.756	0.625031
660.007	0.644563
660.259	0.634797
660.51	0.63968
660.762	0.634797
661.013	0.634797
661.265	0.634797
661.516	0.63968
661.768	0.634797
662.019	0.644563
662.271	0.63968
662.522	0.620147
662.774	0.629914
663.025	0.644563
663.277	0.610381
663.528	0.634797
663.78	0.629914
664.032	0.625031
664.283	0.615264
664.535	0.649446
664.786	0.629914
665.038	0.600615
665.289	0.625031
665.541	0.634797
665.792	0.615264
666.044	0.629914
666.295	0.615264
666.547	0.615264
666.798	0.615264
667.05	0.610381
667.301	0.615264
667.553	0.615264
667.804	0.620147
668.056	0.620147
668.307	0.620147
668.559	0.625031
668.81	0.600615
669.062	0.620147
669.313	0.605498
669.565	0.615264
669.816	0.620147
670.068	0.600615
670.32	0.625031
670.571	0.600615
670.823	0.610381
671.074	0.615264
671.326	0.600615
671.577	0.615264
671.829	0.625031
672.08	0.610381
672.332	0.615264
672.583	0.595732
672.835	0.600615
673.086	0.605498
673.338	0.600615
673.589	0.605498
673.841	0.605498
674.092	0.590849
674.344	0.595732
674.595	0.585966
674.847	0.610381
675.098	0.585966
675.35	0.590849
675.601	0.590849
675.853	0.610381
676.104	0.610381
676.356	0.610381
676.608	0.600615
676.859	0.566434
677.111	0.5762
677.362	0.595732
677.614	0.615264
677.865	0.581083
678.117	0.600615
678.368	0.581083
678.62	0.595732
678.871	0.581083
679.123	0.581083
679.374	0.581083
679.626	0.595732
679.877	0.595732
680.129	0.590849
680.38	0.581083
680.632	0.581083
680.883	0.585966
681.135	0.585966
681.386	0.5762
681.638	0.585966
681.889	0.5762
682.141	0.595732
682.392	0.585966
682.644	0.595732
682.896	0.590849
683.147	0.571317
683.399	0.5762
683.65	0.585966
683.902	0.571317
684.153	0.5762
684.405	0.566434
684.656	0.590849
684.908	0.571317
685.159	0.581083
685.411	0.585966
685.662	0.585966
685.914	0.571317
686.165	0.5762
686.417	0.571317
686.668	0.5762
686.92	0.566434
687.171	0.585966
687.423	0.571317
687.674	0.581083
687.926	0.566434
688.177	0.590849
688.429	0.581083
688.68	0.551785
688.932	0.571317
689.184	0.566434
689.435	0.581083
689.687	0.551785
689.938	0.561551
690.19	0.561551
690.441	0.585966
690.693	0.561551
690.944	0.566434
691.196	0.556668
691.447	0.5762
691.699	0.566434
691.95	0.566434
692.202	0.551785
692.453	0.551785
692.705	0.5762
692.956	0.561551
693.208	0.551785
693.459	0.561551
693.711	0.546902
693.962	0.561551
694.214	0.556668
694.465	0.566434
694.717	0.571317
694.968	0.556668
695.22	0.546902
695.472	0.551785
695.723	0.551785
695.975	0.551785
696.226	0.556668
696.478	0.546902
696.729	0.556668
696.981	0.561551
697.232	0.556668
697.484	0.542019
697.735	0.556668
697.987	0.556668
698.238	0.532253
698.49	0.561551
698.741	0.542019
698.993	0.537136
699.244	0.551785
699.496	0.561551
699.747	0.561551
699.999	0.546902
700.25	0.532253
700.502	0.542019
700.753	0.551785
701.005	0.551785
701.256	0.537136
701.508	0.546902
701.76	0.556668
702.011	0.532253
702.263	0.532253
702.514	0.542019
702.766	0.551785
703.017	0.546902
703.269	0.537136
703.52	0.542019
703.772	0.546902
704.023	0.542019
704.275	0.537136
704.526	0.546902
704.778	0.542019
705.029	0.556668
705.281	0.546902
705.532	0.537136
705.784	0.532253
706.035	0.532253
706.287	0.537136
706.538	0.537136
706.79	0.537136
707.041	0.522486
707.293	0.532253
707.544	0.522486
707.796	0.532253
708.048	0.537136
708.299	0.546902
708.551	0.537136
708.802	0.537136
709.054	0.532253
709.305	0.52737
709.557	0.52737
709.808	0.52737
710.06	0.522486
710.311	0.522486
710.563	0.517603
710.814	0.507837
711.066	0.51272
711.317	0.522486
711.569	0.52737
711.82	0.52737
712.072	0.51272
712.323	0.51272
712.575	0.502954
712.826	0.537136
713.078	0.52737
713.329	0.522486
713.581	0.517603
713.832	0.542019
714.084	0.517603
714.336	0.517603
714.587	0.51272
714.839	0.517603
715.09	0.522486
715.342	0.502954
715.593	0.51272
715.845	0.522486
716.096	0.498071
716.348	0.517603
716.599	0.517603
716.851	0.493188
717.102	0.507837
717.354	0.532253
717.605	0.502954
717.857	0.51272
718.108	0.51272
718.36	0.493188
718.611	0.507837
718.863	0.51272
719.114	0.507837
719.366	0.51272
719.617	0.493188
719.869	0.517603
720.12	0.517603
720.372	0.52737
720.624	0.51272
720.875	0.498071
721.127	0.51272
721.378	0.507837
721.63	0.498071
721.881	0.493188
722.133	0.507837
722.384	0.502954
722.636	0.507837
722.887	0.502954
723.139	0.517603
723.39	0.507837
723.642	0.488305
723.893	0.51272
724.145	0.493188
724.396	0.493188
724.648	0.507837
724.899	0.507837
725.151	0.51272
725.402	0.507837
725.654	0.493188
725.905	0.488305
726.157	0.498071
726.408	0.507837
726.66	0.488305
726.912	0.507837
727.163	0.507837
727.415	0.488305
727.666	0.502954
727.918	0.493188
728.169	0.493188
728.421	0.502954
728.672	0.502954
728.924	0.502954
729.175	0.483422
729.427	0.483422
729.678	0.493188
729.93	0.478539
730.181	0.488305
730.433	0.478539
730.684	0.493188
730.936	0.483422
731.187	0.502954
731.439	0.483422
731.69	0.488305
731.942	0.488305
732.193	0.517603
732.445	0.493188
732.696	0.488305
732.948	0.498071
733.2	0.478539
733.451	0.507837
733.703	0.473656
733.954	0.488305
734.206	0.483422
734.457	0.493188
734.709	0.488305
734.96	0.488305
735.212	0.478539
735.463	0.493188
735.715	0.483422
735.966	0.493188
736.218	0.507837
736.469	0.483422
736.721	0.493188
736.972	0.468773
737.224	0.478539
737.475	0.468773
737.727	0.483422
737.978	0.483422
738.23	0.459007
738.481	0.459007
738.733	0.478539
738.984	0.488305
739.236	0.46389
739.488	0.483422
739.739	0.483422
739.991	0.493188
740.242	0.478539
740.494	0.488305
740.745	0.454124
740.997	0.459007
741.248	0.493188
741.5	0.473656
741.751	0.478539
742.003	0.46389
742.254	0.488305
742.506	0.483422
742.757	0.473656
743.009	0.46389
743.26	0.488305
743.512	0.473656
743.763	0.473656
744.015	0.478539
744.266	0.473656
744.518	0.459007
744.769	0.468773
745.021	0.454124
745.272	0.483422
745.524	0.473656
745.776	0.478539
746.027	0.468773
746.279	0.454124
746.53	0.46389
746.782	0.468773
747.033	0.468773
747.285	0.46389
747.536	0.468773
747.788	0.46389
748.039	0.46389
748.291	0.46389
748.542	0.473656
748.794	0.473656
749.045	0.478539
749.297	0.468773
749.548	0.46389
749.8	0.473656
750.051	0.468773
750.303	0.459007
750.554	0.46389
750.806	0.454124
751.057	0.473656
751.309	0.449241
751.56	0.459007
751.812	0.454124
752.064	0.468773
752.315	0.46389
752.567	0.454124
752.818	0.454124
753.07	0.46389
753.321	0.46389
753.573	0.449241
753.824	0.454124
754.076	0.473656
754.327	0.46389
754.579	0.468773
754.83	0.478539
755.082	0.473656
755.333	0.454124
755.585	0.46389
755.836	0.439475
756.088	0.449241
756.339	0.454124
756.591	0.459007
756.842	0.449241
757.094	0.454124
757.345	0.444358
757.597	0.449241
757.848	0.444358
758.1	0.439475
758.352	0.454124
758.603	0.459007
758.855	0.449241
759.106	0.468773
759.358	0.454124
759.609	0.449241
759.861	0.429708
760.112	0.46389
760.364	0.444358
760.615	0.454124
760.867	0.439475
761.118	0.434592
761.37	0.439475
761.621	0.454124
761.873	0.449241
762.124	0.459007
762.376	0.434592
762.627	0.454124
762.879	0.459007
763.13	0.454124
763.382	0.454124
763.633	0.434592
763.885	0.454124
764.136	0.454124
764.388	0.444358
764.64	0.444358
764.891	0.449241
765.143	0.459007
765.394	0.439475
765.646	0.46389
765.897	0.454124
766.149	0.449241
766.4	0.444358
766.652	0.449241
766.903	0.439475
767.155	0.439475
767.406	0.459007
767.658	0.434592
767.909	0.424825
768.161	0.454124
768.412	0.429708
768.664	0.424825
768.915	0.439475
769.167	0.429708
769.418	0.439475
769.67	0.439475
769.921	0.444358
770.173	0.459007
770.424	0.444358
770.676	0.439475
770.928	0.444358
771.179	0.459007
771.431	0.449241
771.682	0.424825
771.934	0.434592
772.185	0.424825
772.437	0.419942
772.688	0.424825
772.94	0.429708
773.191	0.434592
773.443	0.424825
773.694	0.415059
773.946	0.444358
774.197	0.429708
774.449	0.444358
774.7	0.429708
774.952	0.415059
775.203	0.439475
775.455	0.419942
775.706	0.429708
775.958	0.415059
776.209	0.434592
776.461	0.424825
776.712	0.429708
776.964	0.424825
777.216	0.444358
777.467	0.429708
777.719	0.429708
777.97	0.415059
778.222	0.424825
778.473	0.434592
778.725	0.419942
778.976	0.434592
779.228	0.429708
779.479	0.415059
779.731	0.429708
779.982	0.424825
780.234	0.419942
780.485	0.434592
780.737	0.419942
780.988	0.429708
781.24	0.434592
781.491	0.444358
781.743	0.439475
781.994	0.429708
782.246	0.434592
782.497	0.415059
782.749	0.424825
783	0.439475
783.252	0.415059
783.504	0.410176
783.755	0.410176
784.007	0.410176
784.258	0.429708
784.51	0.439475
784.761	0.415059
785.013	0.424825
785.264	0.405293
785.516	0.429708
785.767	0.429708
786.019	0.419942
786.27	0.405293
786.522	0.439475
786.773	0.429708
787.025	0.424825
787.276	0.40041
787.528	0.415059
787.779	0.444358
788.031	0.415059
788.282	0.439475
788.534	0.395527
788.785	0.410176
789.037	0.424825
789.288	0.415059
789.54	0.424825
789.792	0.429708
790.043	0.419942
790.295	0.424825
790.546	0.419942
790.798	0.415059
791.049	0.415059
791.301	0.429708
791.552	0.415059
791.804	0.424825
792.055	0.410176
792.307	0.405293
792.558	0.405293
792.81	0.434592
793.061	0.419942
793.313	0.415059
793.564	0.410176
793.816	0.419942
794.067	0.424825
794.319	0.395527
794.57	0.424825
794.822	0.419942
795.073	0.415059
795.325	0.410176
795.576	0.429708
795.828	0.410176
796.08	0.405293
796.331	0.410176
796.583	0.419942
796.834	0.40041
797.086	0.410176
797.337	0.424825
797.589	0.424825
797.84	0.390644
798.092	0.40041
798.343	0.419942
798.595	0.410176
798.846	0.410176
799.098	0.424825
799.349	0.410176
799.601	0.439475
799.852	0.405293
800.104	0.410176
800.355	0.40041
800.607	0.410176
800.858	0.410176
801.11	0.410176
801.361	0.405293
801.613	0.395527
801.864	0.405293
802.116	0.415059
802.368	0.429708
802.619	0.415059
802.871	0.40041
803.122	0.405293
803.374	0.405293
803.625	0.405293
803.877	0.40041
804.128	0.424825
804.38	0.40041
804.631	0.40041
804.883	0.410176
805.134	0.405293
805.386	0.410176
805.637	0.424825
805.889	0.415059
806.14	0.40041
806.392	0.390644
806.643	0.405293
806.895	0.419942
807.146	0.419942
807.398	0.390644
807.649	0.405293
807.901	0.405293
808.152	0.395527
808.404	0.390644
808.656	0.410176
808.907	0.415059
809.159	0.405293
809.41	0.390644
809.662	0.40041
809.913	0.405293
810.165	0.415059
810.416	0.40041
810.668	0.40041
810.919	0.385761
811.171	0.395527
811.422	0.390644
811.674	0.390644
811.925	0.380878
812.177	0.410176
812.428	0.424825
812.68	0.395527
812.931	0.390644
813.183	0.40041
813.434	0.390644
813.686	0.395527
813.937	0.405293
814.189	0.40041
814.44	0.40041
814.692	0.395527
814.944	0.40041
815.195	0.395527
815.447	0.40041
815.698	0.395527
815.95	0.395527
816.201	0.380878
816.453	0.390644
816.704	0.390644
816.956	0.390644
817.207	0.40041
817.459	0.385761
817.71	0.380878
817.962	0.371112
818.213	0.40041
818.465	0.380878
818.716	0.40041
818.968	0.390644
819.219	0.405293
819.471	0.380878
819.722	0.40041
819.974	0.410176
820.225	0.380878
820.477	0.380878
820.728	0.380878
820.98	0.380878
821.232	0.395527
821.483	0.390644
821.735	0.405293
821.986	0.390644
822.238	0.380878
822.489	0.40041
822.741	0.375995
822.992	0.390644
823.244	0.395527
823.495	0.371112
823.747	0.390644
823.998	0.405293
824.25	0.385761
824.501	0.385761
824.753	0.390644
825.004	0.380878
825.256	0.375995
825.507	0.385761
825.759	0.371112
826.01	0.385761
826.262	0.380878
826.513	0.371112
826.765	0.380878
827.016	0.380878
827.268	0.395527
827.52	0.385761
827.771	0.395527
828.023	0.366229
828.274	0.361346
828.526	0.390644
828.777	0.371112
829.029	0.375995
829.28	0.380878
829.532	0.380878
829.783	0.395527
830.035	0.385761
830.286	0.385761
830.538	0.371112
830.789	0.380878
831.041	0.380878
831.292	0.395527
831.544	0.380878
831.795	0.385761
832.047	0.390644
832.298	0.390644
832.55	0.371112
832.801	0.390644
833.053	0.380878
833.304	0.385761
833.556	0.371112
833.808	0.385761
834.059	0.385761
834.311	0.375995
834.562	0.390644
834.814	0.395527
835.065	0.366229
835.317	0.375995
835.568	0.395527
835.82	0.380878
836.071	0.375995
836.323	0.385761
836.574	0.371112
836.826	0.366229
837.077	0.380878
837.329	0.366229
837.58	0.40041
837.832	0.371112
838.083	0.385761
838.335	0.375995
838.586	0.361346
838.838	0.375995
839.089	0.375995
839.341	0.380878
839.592	0.366229
839.844	0.371112
840.096	0.390644
840.347	0.385761
840.599	0.371112
840.85	0.371112
841.102	0.385761
841.353	0.375995
841.605	0.366229
841.856	0.371112
842.108	0.371112
842.359	0.380878
842.611	0.371112
842.862	0.371112
843.114	0.371112
843.365	0.390644
843.617	0.375995
843.868	0.361346
844.12	0.35158
844.371	0.366229
844.623	0.361346
844.874	0.371112
845.126	0.380878
845.377	0.380878
845.629	0.361346
845.88	0.366229
846.132	0.366229
846.384	0.366229
846.635	0.375995
846.887	0.336931
847.138	0.366229
847.39	0.380878
847.641	0.380878
847.893	0.380878
848.144	0.380878
848.396	0.375995
848.647	0.385761
848.899	0.371112
849.15	0.380878
849.402	0.371112
849.653	0.366229
849.905	0.35158
850.156	0.366229
850.408	0.356463
850.659	0.366229
850.911	0.366229
851.162	0.371112
851.414	0.380878
851.665	0.371112
851.917	0.361346
852.168	0.375995
852.42	0.380878
852.672	0.380878
852.923	0.356463
853.175	0.35158
853.426	0.371112
853.678	0.385761
853.929	0.361346
854.181	0.366229
854.432	0.375995
854.684	0.356463
854.935	0.366229
855.187	0.35158
855.438	0.371112
855.69	0.366229
855.941	0.366229
856.193	0.371112
856.444	0.366229
856.696	0.35158
856.947	0.375995
857.199	0.35158
857.45	0.375995
857.702	0.356463
857.953	0.366229
858.205	0.356463
858.456	0.341814
858.708	0.361346
858.96	0.366229
859.211	0.371112
859.463	0.385761
859.714	0.366229
859.966	0.375995
860.217	0.361346
860.469	0.356463
860.72	0.356463
860.972	0.371112
861.223	0.366229
861.475	0.371112
861.726	0.356463
861.978	0.366229
862.229	0.356463
862.481	0.375995
862.732	0.361346
862.984	0.371112
863.235	0.361346
863.487	0.366229
863.738	0.375995
863.99	0.361346
864.241	0.366229
864.493	0.371112
864.744	0.35158
864.996	0.361346
865.248	0.361346
865.499	0.361346
865.751	0.361346
866.002	0.356463
866.254	0.361346
866.505	0.346697
866.757	0.346697
867.008	0.356463
867.26	0.35158
867.511	0.361346
867.763	0.35158
868.014	0.361346
868.266	0.361346
868.517	0.346697
868.769	0.356463
869.02	0.35158
869.272	0.361346
869.523	0.371112
869.775	0.356463
870.026	0.35158
870.278	0.366229
870.529	0.356463
870.781	0.336931
871.032	0.341814
871.284	0.366229
871.536	0.346697
871.787	0.380878
872.039	0.356463
872.29	0.366229
872.542	0.356463
872.793	0.341814
873.045	0.341814
873.296	0.366229
873.548	0.356463
873.799	0.35158
874.051	0.356463
874.302	0.356463
874.554	0.356463
874.805	0.341814
875.057	0.341814
875.308	0.346697
875.56	0.361346
875.811	0.341814
876.063	0.366229
876.314	0.361346
876.566	0.356463
876.817	0.361346
877.069	0.35158
877.32	0.356463
877.572	0.35158
877.824	0.375995
878.075	0.341814
878.327	0.346697
878.578	0.346697
878.83	0.341814
879.081	0.327164
879.333	0.356463
879.584	0.341814
879.836	0.361346
880.087	0.341814
880.339	0.336931
880.59	0.346697
880.842	0.356463
881.093	0.341814
881.345	0.341814
881.596	0.35158
881.848	0.356463
882.099	0.341814
882.351	0.356463
882.602	0.356463
882.854	0.35158
883.105	0.35158
883.357	0.346697
883.608	0.336931
883.86	0.35158
884.112	0.356463
884.363	0.35158
884.615	0.346697
884.866	0.341814
885.118	0.35158
885.369	0.346697
885.621	0.35158
885.872	0.336931
886.124	0.346697
886.375	0.361346
886.627	0.346697
886.878	0.346697
887.13	0.346697
887.381	0.35158
887.633	0.332047
887.884	0.346697
888.136	0.346697
888.387	0.336931
888.639	0.332047
888.89	0.327164
889.142	0.336931
889.393	0.35158
889.645	0.341814
889.896	0.346697
890.148	0.35158
890.4	0.361346
890.651	0.356463
890.903	0.336931
891.154	0.332047
891.406	0.341814
891.657	0.341814
891.909	0.327164
892.16	0.341814
892.412	0.35158
892.663	0.361346
892.915	0.336931
893.166	0.341814
893.418	0.332047
893.669	0.341814
893.921	0.341814
894.172	0.346697
894.424	0.346697
894.675	0.336931
894.927	0.332047
895.178	0.341814
895.43	0.35158
895.681	0.336931
895.933	0.341814
896.184	0.341814
896.436	0.336931
896.688	0.361346
896.939	0.336931
897.191	0.336931
897.442	0.346697
897.694	0.332047
897.945	0.327164
898.197	0.336931
898.448	0.341814
898.7	0.341814
898.951	0.346697
899.203	0.341814
899.454	0.35158
899.706	0.346697
899.957	0.332047
900.209	0.336931
900.46	0.341814
900.712	0.341814
900.963	0.35158
901.215	0.35158
901.466	0.327164
901.718	0.341814
901.969	0.336931
902.221	0.332047
902.472	0.341814
902.724	0.332047
902.976	0.35158
903.227	0.341814
903.479	0.346697
903.73	0.336931
903.982	0.341814
904.233	0.341814
904.485	0.341814
904.736	0.341814
904.988	0.336931
905.239	0.332047
905.491	0.327164
905.742	0.346697
905.994	0.341814
906.245	0.322281
906.497	0.327164
906.748	0.327164
907	0.336931
907.251	0.327164
907.503	0.332047
907.754	0.317398
908.006	0.332047
908.257	0.35158
908.509	0.327164
908.76	0.312515
909.012	0.341814
909.264	0.336931
909.515	0.332047
909.767	0.336931
910.018	0.327164
910.27	0.336931
910.521	0.336931
910.773	0.336931
911.024	0.327164
911.276	0.336931
911.527	0.327164
911.779	0.336931
912.03	0.312515
912.282	0.336931
912.533	0.35158
912.785	0.322281
913.036	0.336931
913.288	0.346697
913.539	0.341814
913.791	0.322281
914.042	0.336931
914.294	0.332047
914.545	0.327164
914.797	0.341814
915.048	0.317398
915.3	0.332047
915.552	0.327164
915.803	0.322281
916.055	0.322281
916.306	0.327164
916.558	0.317398
916.809	0.332047
917.061	0.336931
917.312	0.336931
917.564	0.332047
917.815	0.307632
918.067	0.327164
918.318	0.327164
918.57	0.35158
918.821	0.327164
919.073	0.341814
919.324	0.341814
919.576	0.312515
919.827	0.327164
920.079	0.35158
920.33	0.336931
920.582	0.336931
920.833	0.327164
921.085	0.341814
921.336	0.312515
921.588	0.312515
921.84	0.317398
922.091	0.327164
922.343	0.317398
922.594	0.322281
922.846	0.332047
923.097	0.327164
923.349	0.317398
923.6	0.317398
923.852	0.327164
924.103	0.317398
924.355	0.332047
924.606	0.317398
924.858	0.317398
925.109	0.341814
925.361	0.332047
925.612	0.332047
925.864	0.336931
926.115	0.322281
926.367	0.327164
926.618	0.322281
926.87	0.327164
927.121	0.336931
927.373	0.322281
927.624	0.336931
927.876	0.327164
928.128	0.327164
928.379	0.317398
928.631	0.317398
928.882	0.336931
929.134	0.327164
929.385	0.312515
929.637	0.332047
929.888	0.332047
930.14	0.327164
930.391	0.312515
930.643	0.317398
930.894	0.322281
931.146	0.332047
931.397	0.322281
931.649	0.336931
931.9	0.312515
932.152	0.332047
932.403	0.322281
932.655	0.327164
932.906	0.317398
933.158	0.332047
933.409	0.346697
933.661	0.346697
933.912	0.332047
934.164	0.322281
934.416	0.312515
934.667	0.332047
934.919	0.312515
935.17	0.292983
935.422	0.332047
935.673	0.322281
935.925	0.322281
936.176	0.322281
936.428	0.322281
936.679	0.341814
936.931	0.307632
937.182	0.322281
937.434	0.327164
937.685	0.327164
937.937	0.341814
938.188	0.312515
938.44	0.332047
938.691	0.322281
938.943	0.336931
939.194	0.336931
939.446	0.317398
939.697	0.312515
939.949	0.307632
940.2	0.312515
940.452	0.341814
940.704	0.297866
940.955	0.322281
941.207	0.336931
941.458	0.327164
941.71	0.332047
941.961	0.327164
942.213	0.327164
942.464	0.327164
942.716	0.317398
942.967	0.327164
943.219	0.307632
943.47	0.317398
943.722	0.317398
943.973	0.312515
944.225	0.312515
944.476	0.327164
944.728	0.332047
944.979	0.307632
945.231	0.317398
945.482	0.327164
945.734	0.322281
945.985	0.317398
946.237	0.307632
946.488	0.322281
946.74	0.312515
946.992	0.332047
947.243	0.307632
947.495	0.312515
947.746	0.312515
947.998	0.312515
948.249	0.317398
948.501	0.327164
948.752	0.322281
949.004	0.317398
949.255	0.322281
949.507	0.292983
949.758	0.317398
950.01	0.336931
950.261	0.317398
950.513	0.327164
950.764	0.327164
951.016	0.307632
951.267	0.307632
951.519	0.312515
951.77	0.312515
952.022	0.307632
952.273	0.297866
952.525	0.332047
952.776	0.327164
953.028	0.297866
953.28	0.2881
953.531	0.307632
953.783	0.336931
954.034	0.322281
954.286	0.317398
954.537	0.327164
954.789	0.317398
955.04	0.297866
955.292	0.312515
955.543	0.322281
955.795	0.336931
956.046	0.322281
956.298	0.327164
956.549	0.317398
956.801	0.327164
957.052	0.341814
957.304	0.322281
957.555	0.312515
957.807	0.327164
958.058	0.302749
958.31	0.317398
958.561	0.302749
958.813	0.312515
959.064	0.332047
959.316	0.322281
959.568	0.297866
959.819	0.322281
960.071	0.327164
960.322	0.317398
960.574	0.327164
960.825	0.332047
961.077	0.317398
961.328	0.312515
961.58	0.317398
961.831	0.317398
962.083	0.312515
962.334	0.327164
962.586	0.317398
962.837	0.312515
963.089	0.322281
963.34	0.307632
963.592	0.322281
963.843	0.317398
964.095	0.307632
964.346	0.322281
964.598	0.292983
964.849	0.317398
965.101	0.322281
965.352	0.317398
965.604	0.327164
965.856	0.332047
966.107	0.322281
966.359	0.322281
966.61	0.317398
966.862	0.307632
967.113	0.336931
967.365	0.312515
967.616	0.317398
967.868	0.2881
968.119	0.297866
968.371	0.307632
968.622	0.327164
968.874	0.317398
969.125	0.317398
969.377	0.307632
969.628	0.307632
969.88	0.312515
970.131	0.317398
970.383	0.312515
970.634	0.307632
970.886	0.302749
971.137	0.297866
971.389	0.297866
971.64	0.312515
971.892	0.317398
972.144	0.297866
972.395	0.317398
972.647	0.312515
972.898	0.307632
973.15	0.2881
973.401	0.292983
973.653	0.312515
973.904	0.317398
974.156	0.307632
974.407	0.312515
974.659	0.302749
974.91	0.312515
975.162	0.297866
975.413	0.312515
975.665	0.317398
975.916	0.317398
976.168	0.307632
976.419	0.297866
976.671	0.283217
976.922	0.302749
977.174	0.297866
977.425	0.307632
977.677	0.302749
977.928	0.302749
978.18	0.297866
978.432	0.302749
978.683	0.307632
978.935	0.2881
979.186	0.317398
979.438	0.307632
979.689	0.317398
979.941	0.302749
980.192	0.307632
980.444	0.297866
980.695	0.2881
980.947	0.312515
981.198	0.317398
981.45	0.322281
981.701	0.312515
981.953	0.312515
982.204	0.307632
982.456	0.317398
982.707	0.307632
982.959	0.317398
983.21	0.292983
983.462	0.312515
983.713	0.322281
983.965	0.302749
984.216	0.302749
984.468	0.327164
984.72	0.317398
984.971	0.327164
985.223	0.307632
985.474	0.332047
985.726	0.283217
985.977	0.307632
986.229	0.2881
986.48	0.312515
986.732	0.307632
986.983	0.297866
987.235	0.302749
987.486	0.317398
987.738	0.312515
987.989	0.297866
988.241	0.292983
988.492	0.283217
988.744	0.283217
988.995	0.317398
989.247	0.292983
989.498	0.302749
989.75	0.322281
990.001	0.302749
990.253	0.307632
990.504	0.317398
990.756	0.302749
991.008	0.292983
991.259	0.2881
991.511	0.317398
991.762	0.317398
992.014	0.307632
992.265	0.2881
992.517	0.297866
992.768	0.297866
993.02	0.2881
993.271	0.297866
993.523	0.312515
993.774	0.307632
994.026	0.302749
994.277	0.297866
994.529	0.302749
994.78	0.302749
995.032	0.307632
995.283	0.297866
995.535	0.302749
995.786	0.317398
996.038	0.327164
996.289	0.302749
996.541	0.312515
996.792	0.312515
997.044	0.283217
997.296	0.307632
997.547	0.292983
997.799	0.292983
998.05	0.297866
998.302	0.283217
998.553	0.307632
998.805	0.297866
999.056	0.312515
999.308	0.302749
999.559	0.312515
999.811	0.312515
1000.06	0.307632
1000.31	0.302749
1000.57	0.2881
1000.82	0.302749
1001.07	0.322281
1001.32	0.2881
1001.57	0.297866
1001.82	0.302749
1002.07	0.297866
1002.33	0.297866
1002.58	0.312515
1002.83	0.302749
1003.08	0.312515
1003.33	0.302749
1003.58	0.297866
1003.84	0.292983
1004.09	0.292983
1004.34	0.307632
1004.59	0.297866
1004.84	0.312515
1005.09	0.317398
1005.34	0.292983
1005.6	0.2881
1005.85	0.302749
1006.1	0.307632
1006.35	0.297866
1006.6	0.307632
1006.85	0.312515
1007.1	0.283217
1007.36	0.2881
1007.61	0.297866
1007.86	0.302749
1008.11	0.297866
1008.36	0.297866
1008.61	0.322281
1008.87	0.2881
1009.12	0.307632
1009.37	0.292983
1009.62	0.302749
1009.87	0.2881
1010.12	0.2881
1010.37	0.302749
1010.63	0.278334
1010.88	0.297866
1011.13	0.292983
1011.38	0.307632
1011.63	0.292983
1011.88	0.2881
1012.14	0.302749
1012.39	0.292983
1012.64	0.307632
1012.89	0.297866
1013.14	0.292983
1013.39	0.317398
1013.64	0.297866
1013.9	0.302749
1014.15	0.292983
1014.4	0.307632
1014.65	0.307632
1014.9	0.302749
1015.15	0.307632
1015.4	0.278334
1015.66	0.312515
1015.91	0.2881
1016.16	0.2881
1016.41	0.312515
1016.66	0.278334
1016.91	0.307632
1017.17	0.283217
1017.42	0.297866
1017.67	0.292983
1017.92	0.297866
1018.17	0.2881
1018.42	0.292983
1018.67	0.2881
1018.93	0.307632
1019.18	0.302749
1019.43	0.292983
1019.68	0.297866
1019.93	0.312515
1020.18	0.297866
1020.44	0.292983
1020.69	0.283217
1020.94	0.317398
1021.19	0.2881
1021.44	0.312515
1021.69	0.307632
1021.94	0.312515
1022.2	0.302749
1022.45	0.292983
1022.7	0.297866
1022.95	0.302749
1023.2	0.297866
1023.45	0.292983
1023.71	0.292983
1023.96	0.2881
1024.21	0.292983
1024.46	0.292983
1024.71	0.292983
1024.96	0.292983
1025.21	0.297866
1025.47	0.283217
1025.72	0.292983
1025.97	0.302749
1026.22	0.2881
1026.47	0.292983
1026.72	0.307632
1026.97	0.292983
1027.23	0.292983
1027.48	0.263685
1027.73	0.283217
1027.98	0.292983
1028.23	0.292983
1028.48	0.292983
1028.74	0.283217
1028.99	0.283217
1029.24	0.292983
1029.49	0.307632
1029.74	0.283217
1029.99	0.278334
1030.24	0.283217
1030.5	0.273451
1030.75	0.278334
1031	0.297866
1031.25	0.292983
1031.5	0.278334
1031.75	0.283217
1032.01	0.283217
1032.26	0.278334
1032.51	0.297866
1032.76	0.283217
1033.01	0.2881
1033.26	0.283217
1033.51	0.302749
1033.77	0.283217
1034.02	0.283217
1034.27	0.307632
1034.52	0.297866
1034.77	0.292983
1035.02	0.297866
1035.28	0.292983
1035.53	0.268568
1035.78	0.297866
1036.03	0.292983
1036.28	0.312515
1036.53	0.2881
1036.78	0.302749
1037.04	0.2881
1037.29	0.2881
1037.54	0.2881
1037.79	0.307632
1038.04	0.302749
1038.29	0.268568
1038.54	0.283217
1038.8	0.283217
1039.05	0.283217
1039.3	0.278334
1039.55	0.273451
1039.8	0.302749
1040.05	0.297866
1040.31	0.2881
1040.56	0.258802
1040.81	0.2881
1041.06	0.278334
1041.31	0.273451
1041.56	0.302749
1041.81	0.292983
1042.07	0.2881
1042.32	0.307632
1042.57	0.292983
1042.82	0.302749
1043.07	0.302749
1043.32	0.292983
1043.58	0.283217
1043.83	0.2881
1044.08	0.292983
1044.33	0.302749
1044.58	0.292983
1044.83	0.312515
1045.08	0.283217
1045.34	0.273451
1045.59	0.263685
1045.84	0.292983
1046.09	0.278334
1046.34	0.292983
1046.59	0.283217
1046.84	0.2881
1047.1	0.292983
1047.35	0.292983
1047.6	0.278334
1047.85	0.2881
1048.1	0.283217
1048.35	0.297866
1048.61	0.307632
1048.86	0.292983
1049.11	0.297866
1049.36	0.2881
1049.61	0.302749
1049.86	0.292983
1050.11	0.2881
1050.37	0.292983
1050.62	0.297866
1050.87	0.278334
1051.12	0.2881
1051.37	0.273451
1051.62	0.283217
1051.88	0.283217
1052.13	0.292983
1052.38	0.2881
1052.63	0.297866
1052.88	0.278334
1053.13	0.302749
1053.38	0.292983
1053.64	0.273451
1053.89	0.292983
1054.14	0.2881
1054.39	0.297866
1054.64	0.2881
1054.89	0.278334
1055.15	0.283217
1055.4	0.307632
1055.65	0.302749
1055.9	0.2881
1056.15	0.283217
1056.4	0.283217
1056.65	0.297866
1056.91	0.278334
1057.16	0.283217
1057.41	0.268568
1057.66	0.292983
1057.91	0.2881
1058.16	0.283217
1058.41	0.302749
1058.67	0.278334
1058.92	0.292983
1059.17	0.283217
1059.42	0.2881
1059.67	0.283217
1059.92	0.268568
1060.18	0.283217
1060.43	0.273451
1060.68	0.278334
1060.93	0.297866
1061.18	0.297866
1061.43	0.2881
1061.68	0.2881
1061.94	0.273451
1062.19	0.283217
1062.44	0.2881
1062.69	0.2881
1062.94	0.2881
1063.19	0.283217
1063.45	0.278334
1063.7	0.292983
1063.95	0.263685
1064.2	0.302749
1064.45	0.297866
1064.7	0.263685
1064.95	0.302749
1065.21	0.2881
1065.46	0.278334
1065.71	0.278334
1065.96	0.273451
1066.21	0.297866
1066.46	0.268568
1066.72	0.297866
1066.97	0.268568
1067.22	0.283217
1067.47	0.273451
1067.72	0.258802
1067.97	0.283217
1068.22	0.297866
1068.48	0.278334
1068.73	0.273451
1068.98	0.292983
1069.23	0.2881
1069.48	0.273451
1069.73	0.278334
1069.98	0.278334
1070.24	0.283217
1070.49	0.283217
1070.74	0.292983
1070.99	0.2881
1071.24	0.283217
1071.49	0.297866
1071.75	0.2881
1072	0.278334
1072.25	0.302749
1072.5	0.278334
1072.75	0.278334
1073	0.283217
1073.25	0.273451
1073.51	0.273451
1073.76	0.268568
1074.01	0.268568
1074.26	0.283217
1074.51	0.268568
1074.76	0.273451
1075.02	0.292983
1075.27	0.273451
1075.52	0.292983
1075.77	0.2881
1076.02	0.2881
1076.27	0.307632
1076.52	0.2881
1076.78	0.307632
1077.03	0.292983
1077.28	0.292983
1077.53	0.283217
1077.78	0.292983
1078.03	0.283217
1078.28	0.283217
1078.54	0.2881
1078.79	0.263685
1079.04	0.283217
1079.29	0.278334
1079.54	0.297866
1079.79	0.2881
1080.05	0.258802
1080.3	0.273451
1080.55	0.283217
1080.8	0.2881
1081.05	0.2881
1081.3	0.292983
1081.55	0.283217
1081.81	0.268568
1082.06	0.283217
1082.31	0.2881
1082.56	0.278334
1082.81	0.283217
1083.06	0.273451
1083.32	0.278334
1083.57	0.278334
1083.82	0.2881
1084.07	0.297866
1084.32	0.283217
1084.57	0.292983
1084.82	0.253919
1085.08	0.307632
1085.33	0.297866
1085.58	0.2881
1085.83	0.2881
1086.08	0.263685
1086.33	0.268568
1086.59	0.2881
1086.84	0.278334
1087.09	0.283217
1087.34	0.278334
1087.59	0.273451
1087.84	0.278334
1088.09	0.263685
1088.35	0.2881
1088.6	0.278334
1088.85	0.297866
1089.1	0.292983
1089.35	0.273451
1089.6	0.278334
1089.85	0.278334
1090.11	0.273451
1090.36	0.268568
1090.61	0.297866
1090.86	0.278334
1091.11	0.273451
1091.36	0.273451
1091.62	0.278334
1091.87	0.283217
1092.12	0.273451
1092.37	0.273451
1092.62	0.258802
1092.87	0.263685
1093.12	0.268568
1093.38	0.292983
1093.63	0.268568
1093.88	0.268568
1094.13	0.2881
1094.38	0.268568
1094.63	0.2881
1094.89	0.283217
1095.14	0.263685
1095.39	0.2881
1095.64	0.258802
1095.89	0.2881
1096.14	0.292983
1096.39	0.273451
1096.65	0.268568
1096.9	0.2881
1097.15	0.278334
1097.4	0.263685
1097.65	0.273451
1097.9	0.273451
1098.16	0.2881
1098.41	0.273451
1098.66	0.283217
1098.91	0.2881
1099.16	0.273451
1099.41	0.2881
1099.66	0.283217
1099.92	0.2881
1100.17	0.292983
1100.42	0.273451
1100.67	0.253919
1100.92	0.268568
1101.17	0.249036
1101.42	0.283217
1101.68	0.2881
1101.93	0.278334
1102.18	0.268568
1102.43	0.263685
1102.68	0.268568
1102.93	0.278334
1103.19	0.283217
1103.44	0.297866
1103.69	0.268568
1103.94	0.253919
1104.19	0.263685
1104.44	0.2881
1104.69	0.273451
1104.95	0.273451
1105.2	0.283217
1105.45	0.278334
1105.7	0.273451
1105.95	0.273451
1106.2	0.273451
1106.46	0.283217
1106.71	0.283217
1106.96	0.297866
1107.21	0.2881
1107.46	0.263685
1107.71	0.278334
1107.96	0.278334
1108.22	0.268568
1108.47	0.263685
1108.72	0.283217
1108.97	0.258802
1109.22	0.273451
1109.47	0.278334
1109.72	0.273451
1109.98	0.2881
1110.23	0.292983
1110.48	0.273451
1110.73	0.283217
1110.98	0.268568
1111.23	0.278334
1111.49	0.2881
1111.74	0.268568
1111.99	0.263685
1112.24	0.283217
1112.49	0.263685
1112.74	0.292983
1112.99	0.263685
1113.25	0.2881
1113.5	0.278334
1113.75	0.268568
1114	0.263685
1114.25	0.278334
1114.5	0.2881
1114.76	0.278334
1115.01	0.268568
1115.26	0.263685
1115.51	0.278334
1115.76	0.278334
1116.01	0.273451
1116.26	0.273451
1116.52	0.263685
1116.77	0.2881
1117.02	0.268568
1117.27	0.273451
1117.52	0.2881
1117.77	0.283217
1118.03	0.263685
1118.28	0.283217
1118.53	0.263685
1118.78	0.273451
1119.03	0.273451
1119.28	0.244153
1119.53	0.283217
1119.79	0.283217
1120.04	0.273451
1120.29	0.268568
1120.54	0.297866
1120.79	0.273451
1121.04	0.273451
1121.29	0.283217
1121.55	0.268568
1121.8	0.283217
1122.05	0.278334
1122.3	0.2881
1122.55	0.263685
1122.8	0.253919
1123.06	0.263685
1123.31	0.268568
1123.56	0.268568
1123.81	0.268568
1124.06	0.258802
1124.31	0.253919
1124.56	0.273451
1124.82	0.258802
1125.07	0.263685
1125.32	0.273451
1125.57	0.278334
1125.82	0.263685
1126.07	0.283217
1126.33	0.253919
1126.58	0.268568
1126.83	0.278334
1127.08	0.263685
1127.33	0.273451
1127.58	0.2881
1127.83	0.278334
1128.09	0.278334
1128.34	0.278334
1128.59	0.273451
1128.84	0.263685
1129.09	0.278334
1129.34	0.273451
1129.6	0.278334
1129.85	0.268568
1130.1	0.239269
1130.35	0.263685
1130.6	0.273451
1130.85	0.273451
1131.1	0.253919
1131.36	0.278334
1131.61	0.273451
1131.86	0.273451
1132.11	0.2881
1132.36	0.273451
1132.61	0.273451
1132.86	0.258802
1133.12	0.268568
1133.37	0.263685
1133.62	0.283217
1133.87	0.283217
1134.12	0.273451
1134.37	0.278334
1134.63	0.273451
1134.88	0.292983
1135.13	0.278334
1135.38	0.249036
1135.63	0.263685
1135.88	0.2881
1136.13	0.268568
1136.39	0.273451
1136.64	0.268568
1136.89	0.258802
1137.14	0.263685
1137.39	0.263685
1137.64	0.268568
1137.9	0.258802
1138.15	0.268568
1138.4	0.273451
1138.65	0.263685
1138.9	0.263685
1139.15	0.268568
1139.4	0.278334
1139.66	0.2881
1139.91	0.273451
1140.16	0.268568
1140.41	0.268568
1140.66	0.2881
1140.91	0.253919
1141.16	0.263685
1141.42	0.258802
1141.67	0.273451
1141.92	0.268568
1142.17	0.263685
1142.42	0.253919
1142.67	0.283217
1142.93	0.263685
1143.18	0.249036
1143.43	0.283217
1143.68	0.283217
1143.93	0.273451
1144.18	0.253919
1144.43	0.268568
1144.69	0.268568
1144.94	0.263685
1145.19	0.278334
1145.44	0.263685
1145.69	0.253919
1145.94	0.253919
1146.2	0.278334
1146.45	0.263685
1146.7	0.292983
1146.95	0.273451
1147.2	0.273451
1147.45	0.263685
1147.7	0.273451
1147.96	0.283217
1148.21	0.253919
1148.46	0.278334
1148.71	0.273451
1148.96	0.258802
1149.21	0.278334
1149.47	0.268568
1149.72	0.249036
1149.97	0.273451
1150.22	0.283217
1150.47	0.283217
1150.72	0.283217
1150.97	0.283217
1151.23	0.273451
1151.48	0.253919
1151.73	0.268568
1151.98	0.278334
1152.23	0.268568
1152.48	0.258802
1152.73	0.278334
1152.99	0.283217
1153.24	0.283217
1153.49	0.283217
1153.74	0.258802
1153.99	0.258802
1154.24	0.249036
1154.5	0.268568
1154.75	0.283217
1155	0.283217
1155.25	0.283217
1155.5	0.268568
1155.75	0.273451
1156	0.273451
1156.26	0.253919
1156.51	0.263685
1156.76	0.249036
1157.01	0.268568
1157.26	0.253919
1157.51	0.268568
1157.77	0.263685
1158.02	0.273451
1158.27	0.268568
1158.52	0.273451
1158.77	0.263685
1159.02	0.278334
1159.27	0.258802
1159.53	0.278334
1159.78	0.258802
1160.03	0.263685
1160.28	0.263685
1160.53	0.253919
1160.78	0.258802
1161.04	0.253919
1161.29	0.253919
1161.54	0.268568
1161.79	0.263685
1162.04	0.253919
1162.29	0.268568
1162.54	0.268568
1162.8	0.273451
1163.05	0.273451
1163.3	0.258802
1163.55	0.263685
1163.8	0.268568
1164.05	0.253919
1164.3	0.253919
1164.56	0.278334
1164.81	0.273451
1165.06	0.263685
1165.31	0.263685
1165.56	0.258802
1165.81	0.268568
1166.07	0.249036
1166.32	0.253919
1166.57	0.268568
1166.82	0.273451
1167.07	0.253919
1167.32	0.268568
1167.57	0.268568
1167.83	0.268568
1168.08	0.253919
1168.33	0.263685
1168.58	0.253919
1168.83	0.258802
1169.08	0.263685
1169.34	0.258802
1169.59	0.263685
1169.84	0.249036
1170.09	0.268568
1170.34	0.253919
1170.59	0.253919
1170.84	0.278334
1171.1	0.273451
1171.35	0.283217
1171.6	0.278334
1171.85	0.263685
1172.1	0.249036
1172.35	0.263685
1172.6	0.249036
1172.86	0.263685
1173.11	0.249036
1173.36	0.278334
1173.61	0.273451
1173.86	0.258802
1174.11	0.263685
1174.37	0.253919
1174.62	0.263685
1174.87	0.283217
1175.12	0.263685
1175.37	0.268568
1175.62	0.249036
1175.87	0.273451
1176.13	0.283217
1176.38	0.263685
1176.63	0.263685
1176.88	0.263685
1177.13	0.258802
1177.38	0.278334
1177.64	0.249036
1177.89	0.278334
1178.14	0.249036
1178.39	0.258802
1178.64	0.239269
1178.89	0.249036
1179.14	0.263685
1179.4	0.268568
1179.65	0.244153
1179.9	0.258802
1180.15	0.263685
1180.4	0.258802
1180.65	0.278334
1180.91	0.268568
1181.16	0.268568
1181.41	0.268568
1181.66	0.273451
1181.91	0.273451
1182.16	0.263685
1182.41	0.258802
1182.67	0.258802
1182.92	0.258802
1183.17	0.253919
1183.42	0.263685
1183.67	0.263685
1183.92	0.273451
1184.17	0.253919
1184.43	0.273451
1184.68	0.263685
1184.93	0.239269
1185.18	0.249036
1185.43	0.244153
1185.68	0.268568
1185.94	0.258802
1186.19	0.258802
1186.44	0.253919
1186.69	0.273451
1186.94	0.258802
1187.19	0.258802
1187.44	0.263685
1187.7	0.263685
1187.95	0.263685
1188.2	0.258802
1188.45	0.273451
1188.7	0.273451
1188.95	0.263685
1189.21	0.244153
1189.46	0.253919
1189.71	0.283217
1189.96	0.253919
1190.21	0.263685
1190.46	0.278334
1190.71	0.273451
1190.97	0.253919
1191.22	0.249036
1191.47	0.253919
1191.72	0.258802
1191.97	0.273451
1192.22	0.253919
1192.48	0.263685
1192.73	0.253919
1192.98	0.258802
1193.23	0.263685
1193.48	0.244153
1193.73	0.253919
1193.98	0.263685
1194.24	0.273451
1194.49	0.249036
1194.74	0.263685
1194.99	0.249036
1195.24	0.263685
1195.49	0.263685
1195.74	0.258802
1196	0.258802
1196.25	0.253919
1196.5	0.253919
1196.75	0.278334
1197	0.249036
1197.25	0.258802
1197.51	0.258802
1197.76	0.249036
1198.01	0.258802
1198.26	0.258802
1198.51	0.253919
1198.76	0.249036
1199.01	0.234386
1199.27	0.253919
1199.52	0.268568
1199.77	0.258802
1200.02	0.249036
1200.27	0.273451
1200.52	0.249036
1200.78	0.253919
1201.03	0.258802
1201.28	0.249036
1201.53	0.253919
1201.78	0.263685
1202.03	0.268568
1202.28	0.263685
1202.54	0.263685
1202.79	0.263685
1203.04	0.258802
1203.29	0.278334
1203.54	0.258802
1203.79	0.273451
1204.04	0.258802
1204.3	0.253919
1204.55	0.253919
1204.8	0.268568
1205.05	0.244153
1205.3	0.258802
1205.55	0.263685
1205.81	0.268568
1206.06	0.263685
1206.31	0.268568
1206.56	0.249036
1206.81	0.268568
1207.06	0.249036
1207.31	0.244153
1207.57	0.258802
1207.82	0.253919
1208.07	0.234386
1208.32	0.263685
1208.57	0.263685
1208.82	0.263685
1209.08	0.258802
1209.33	0.253919
1209.58	0.253919
1209.83	0.253919
1210.08	0.258802
1210.33	0.249036
1210.58	0.258802
1210.84	0.244153
1211.09	0.258802
1211.34	0.273451
1211.59	0.249036
1211.84	0.249036
1212.09	0.268568
1212.35	0.253919
1212.6	0.263685
1212.85	0.268568
1213.1	0.253919
1213.35	0.263685
1213.6	0.268568
1213.85	0.249036
1214.11	0.263685
1214.36	0.258802
1214.61	0.234386
1214.86	0.239269
1215.11	0.263685
1215.36	0.268568
1215.61	0.258802
1215.87	0.258802
1216.12	0.258802
1216.37	0.244153
1216.62	0.253919
1216.87	0.258802
1217.12	0.253919
1217.38	0.258802
1217.63	0.258802
1217.88	0.244153
1218.13	0.258802
1218.38	0.258802
1218.63	0.258802
1218.88	0.249036
1219.14	0.244153
1219.39	0.253919
1219.64	0.268568
1219.89	0.263685
1220.14	0.249036
1220.39	0.253919
1220.65	0.249036
1220.9	0.239269
1221.15	0.278334
1221.4	0.268568
1221.65	0.253919
1221.9	0.258802
1222.15	0.258802
1222.41	0.249036
1222.66	0.244153
1222.91	0.249036
1223.16	0.253919
1223.41	0.273451
1223.66	0.268568
1223.92	0.278334
1224.17	0.273451
1224.42	0.249036
1224.67	0.263685
1224.92	0.253919
1225.17	0.234386
1225.42	0.258802
1225.68	0.249036
1225.93	0.258802
1226.18	0.263685
1226.43	0.249036
1226.68	0.253919
1226.93	0.263685
1227.18	0.263685
1227.44	0.268568
1227.69	0.258802
1227.94	0.258802
1228.19	0.253919
1228.44	0.268568
1228.69	0.253919
1228.95	0.258802
1229.2	0.249036
1229.45	0.253919
1229.7	0.244153
1229.95	0.239269
1230.2	0.258802
1230.45	0.239269
1230.71	0.263685
1230.96	0.273451
1231.21	0.263685
1231.46	0.253919
1231.71	0.244153
1231.96	0.249036
1232.22	0.258802
1232.47	0.244153
1232.72	0.234386
1232.97	0.249036
1233.22	0.258802
1233.47	0.258802
1233.72	0.244153
1233.98	0.258802
1234.23	0.253919
1234.48	0.239269
1234.73	0.249036
1234.98	0.263685
1235.23	0.258802
1235.48	0.253919
1235.74	0.234386
1235.99	0.229503
1236.24	0.253919
1236.49	0.258802
1236.74	0.273451
1236.99	0.253919
1237.25	0.249036
1237.5	0.239269
1237.75	0.253919
1238	0.253919
1238.25	0.273451
1238.5	0.258802
1238.75	0.258802
1239.01	0.273451
1239.26	0.253919
1239.51	0.258802
1239.76	0.249036
1240.01	0.258802
1240.26	0.249036
1240.52	0.249036
1240.77	0.249036
1241.02	0.244153
1241.27	0.249036
1241.52	0.249036
1241.77	0.249036
1242.02	0.249036
1242.28	0.239269
1242.53	0.253919
1242.78	0.253919
1243.03	0.249036
1243.28	0.268568
1243.53	0.268568
1243.79	0.249036
1244.04	0.249036
1244.29	0.244153
1244.54	0.258802
1244.79	0.253919
1245.04	0.253919
1245.29	0.249036
1245.55	0.253919
1245.8	0.253919
1246.05	0.253919
1246.3	0.239269
1246.55	0.253919
1246.8	0.253919
1247.05	0.244153
1247.31	0.253919
1247.56	0.268568
1247.81	0.244153
1248.06	0.258802
1248.31	0.273451
1248.56	0.239269
1248.82	0.258802
1249.07	0.249036
1249.32	0.283217
1249.57	0.253919
1249.82	0.239269
1250.07	0.253919
1250.32	0.258802
1250.58	0.249036
1250.83	0.258802
1251.08	0.249036
1251.33	0.273451
1251.58	0.258802
1251.83	0.258802
1252.09	0.268568
1252.34	0.273451
1252.59	0.244153
1252.84	0.249036
1253.09	0.258802
1253.34	0.239269
1253.59	0.249036
1253.85	0.258802
1254.1	0.239269
1254.35	0.239269
1254.6	0.249036
1254.85	0.244153
1255.1	0.239269
1255.36	0.258802
1255.61	0.239269
1255.86	0.249036
1256.11	0.244153
1256.36	0.268568
1256.61	0.258802
1256.86	0.229503
1257.12	0.253919
1257.37	0.253919
1257.62	0.253919
1257.87	0.249036
1258.12	0.253919
1258.37	0.253919
1258.62	0.268568
1258.88	0.258802
1259.13	0.249036
1259.38	0.263685
1259.63	0.244153
1259.88	0.249036
1260.13	0.253919
1260.39	0.253919
1260.64	0.244153
1260.89	0.234386
1261.14	0.253919
1261.39	0.258802
1261.64	0.253919
1261.89	0.249036
1262.15	0.234386
1262.4	0.229503
1262.65	0.249036
1262.9	0.249036
1263.15	0.229503
1263.4	0.234386
1263.66	0.234386
1263.91	0.244153
1264.16	0.268568
1264.41	0.258802
1264.66	0.253919
1264.91	0.239269
1265.16	0.239269
1265.42	0.244153
1265.67	0.253919
1265.92	0.234386
1266.17	0.229503
1266.42	0.244153
1266.67	0.263685
1266.92	0.239269
1267.18	0.253919
1267.43	0.253919
1267.68	0.229503
1267.93	0.253919
1268.18	0.253919
1268.43	0.263685
1268.69	0.258802
1268.94	0.258802
1269.19	0.258802
1269.44	0.244153
1269.69	0.239269
1269.94	0.263685
1270.19	0.234386
1270.45	0.253919
1270.7	0.244153
1270.95	0.239269
1271.2	0.244153
1271.45	0.249036
1271.7	0.244153
1271.96	0.229503
1272.21	0.253919
1272.46	0.244153
1272.71	0.239269
1272.96	0.249036
1273.21	0.239269
1273.46	0.249036
1273.72	0.268568
1273.97	0.249036
1274.22	0.249036
1274.47	0.253919
1274.72	0.268568
1274.97	0.229503
1275.23	0.239269
1275.48	0.249036
1275.73	0.258802
1275.98	0.244153
1276.23	0.258802
1276.48	0.263685
1276.73	0.244153
1276.99	0.249036
1277.24	0.253919
1277.49	0.253919
1277.74	0.234386
1277.99	0.263685
1278.24	0.249036
1278.49	0.253919
1278.75	0.258802
1279	0.249036
1279.25	0.249036
1279.5	0.253919
1279.75	0.239269
1280	0.244153
1280.26	0.234386
1280.51	0.22462
1280.76	0.244153
1281.01	0.22462
1281.26	0.258802
1281.51	0.234386
1281.76	0.249036
1282.02	0.253919
1282.27	0.229503
1282.52	0.244153
1282.77	0.244153
1283.02	0.239269
1283.27	0.239269
1283.53	0.22462
1283.78	0.253919
1284.03	0.263685
1284.28	0.253919
1284.53	0.244153
1284.78	0.244153
1285.03	0.229503
1285.29	0.239269
1285.54	0.239269
1285.79	0.239269
1286.04	0.263685
1286.29	0.22462
1286.54	0.239269
1286.8	0.244153
1287.05	0.239269
1287.3	0.239269
1287.55	0.239269
1287.8	0.253919
1288.05	0.249036
1288.3	0.249036
1288.56	0.239269
1288.81	0.249036
1289.06	0.263685
1289.31	0.253919
1289.56	0.229503
1289.81	0.239269
1290.06	0.239269
1290.32	0.244153
1290.57	0.239269
1290.82	0.258802
1291.07	0.263685
1291.32	0.258802
1291.57	0.258802
1291.83	0.244153
1292.08	0.239269
1292.33	0.244153
1292.58	0.239269
1292.83	0.253919
1293.08	0.239269
1293.33	0.229503
1293.59	0.244153
1293.84	0.249036
1294.09	0.249036
1294.34	0.239269
1294.59	0.249036
1294.84	0.239269
1295.1	0.234386
1295.35	0.239269
1295.6	0.244153
1295.85	0.244153
1296.1	0.229503
1296.35	0.244153
1296.6	0.249036
1296.86	0.249036
1297.11	0.244153
1297.36	0.229503
1297.61	0.22462
1297.86	0.249036
1298.11	0.244153
1298.36	0.244153
1298.62	0.249036
1298.87	0.249036
1299.12	0.234386
1299.37	0.263685
1299.62	0.229503
1299.87	0.258802
1300.13	0.239269
1300.38	0.239269
1300.63	0.239269
1300.88	0.244153
1301.13	0.258802
1301.38	0.239269
1301.63	0.249036
1301.89	0.244153
1302.14	0.234386
1302.39	0.22462
1302.64	0.244153
1302.89	0.22462
1303.14	0.234386
1303.4	0.249036
1303.65	0.234386
1303.9	0.253919
1304.15	0.244153
1304.4	0.229503
1304.65	0.263685
1304.9	0.249036
1305.16	0.229503
1305.41	0.249036
1305.66	0.22462
1305.91	0.22462
1306.16	0.258802
1306.41	0.253919
1306.67	0.244153
1306.92	0.249036
1307.17	0.253919
1307.42	0.253919
1307.67	0.253919
1307.92	0.244153
1308.17	0.239269
1308.43	0.229503
1308.68	0.229503
1308.93	0.244153
1309.18	0.234386
1309.43	0.258802
1309.68	0.249036
1309.93	0.239269
1310.19	0.249036
1310.44	0.239269
1310.69	0.234386
1310.94	0.258802
1311.19	0.229503
1311.44	0.239269
1311.7	0.253919
1311.95	0.253919
1312.2	0.234386
1312.45	0.22462
1312.7	0.239269
1312.95	0.239269
1313.2	0.258802
1313.46	0.234386
1313.71	0.249036
1313.96	0.22462
1314.21	0.268568
1314.46	0.249036
1314.71	0.253919
1314.97	0.249036
1315.22	0.253919
1315.47	0.239269
1315.72	0.244153
1315.97	0.22462
1316.22	0.244153
1316.47	0.253919
1316.73	0.249036
1316.98	0.234386
1317.23	0.234386
1317.48	0.258802
1317.73	0.234386
1317.98	0.239269
1318.24	0.244153
1318.49	0.234386
1318.74	0.239269
1318.99	0.234386
1319.24	0.234386
1319.49	0.239269
1319.74	0.234386
1320	0.219737
1320.25	0.258802
1320.5	0.219737
1320.75	0.229503
1321	0.244153
1321.25	0.229503
1321.5	0.244153
1321.76	0.22462
1322.01	0.219737
1322.26	0.249036
1322.51	0.253919
1322.76	0.219737
1323.01	0.263685
1323.27	0.239269
1323.52	0.219737
1323.77	0.244153
1324.02	0.239269
1324.27	0.249036
1324.52	0.239269
1324.77	0.22462
1325.03	0.253919
1325.28	0.239269
1325.53	0.229503
1325.78	0.249036
1326.03	0.239269
1326.28	0.234386
1326.54	0.244153
1326.79	0.244153
1327.04	0.239269
1327.29	0.239269
1327.54	0.239269
1327.79	0.239269
1328.04	0.22462
1328.3	0.219737
1328.55	0.229503
1328.8	0.244153
1329.05	0.253919
1329.3	0.234386
1329.55	0.244153
1329.8	0.234386
1330.06	0.239269
1330.31	0.22462
1330.56	0.244153
1330.81	0.244153
1331.06	0.234386
1331.31	0.229503
1331.57	0.244153
1331.82	0.244153
1332.07	0.239269
1332.32	0.249036
1332.57	0.249036
1332.82	0.234386
1333.07	0.239269
1333.33	0.219737
1333.58	0.22462
1333.83	0.229503
1334.08	0.234386
1334.33	0.244153
1334.58	0.234386
1334.84	0.253919
1335.09	0.249036
1335.34	0.244153
1335.59	0.244153
1335.84	0.219737
1336.09	0.244153
1336.34	0.244153
1336.6	0.239269
1336.85	0.209971
1337.1	0.229503
1337.35	0.22462
1337.6	0.239269
1337.85	0.234386
1338.11	0.214854
1338.36	0.22462
1338.61	0.234386
1338.86	0.234386
1339.11	0.249036
1339.36	0.22462
1339.61	0.253919
1339.87	0.253919
1340.12	0.239269
1340.37	0.229503
1340.62	0.258802
1340.87	0.258802
1341.12	0.258802
1341.37	0.229503
1341.63	0.249036
1341.88	0.244153
1342.13	0.214854
1342.38	0.239269
1342.63	0.249036
1342.88	0.253919
1343.14	0.249036
1343.39	0.244153
1343.64	0.244153
1343.89	0.234386
1344.14	0.234386
1344.39	0.244153
1344.64	0.249036
1344.9	0.244153
1345.15	0.22462
1345.4	0.244153
1345.65	0.249036
1345.9	0.253919
1346.15	0.22462
1346.41	0.239269
1346.66	0.244153
1346.91	0.244153
1347.16	0.22462
1347.41	0.244153
1347.66	0.253919
1347.91	0.234386
1348.17	0.234386
1348.42	0.229503
1348.67	0.234386
1348.92	0.244153
1349.17	0.229503
1349.42	0.244153
1349.68	0.239269
1349.93	0.239269
1350.18	0.239269
1350.43	0.229503
1350.68	0.253919
1350.93	0.234386
1351.18	0.22462
1351.44	0.244153
1351.69	0.234386
1351.94	0.234386
1352.19	0.229503
1352.44	0.234386
1352.69	0.249036
1352.94	0.234386
1353.2	0.253919
1353.45	0.239269
1353.7	0.229503
1353.95	0.22462
1354.2	0.234386
1354.45	0.249036
1354.71	0.234386
1354.96	0.229503
1355.21	0.239269
1355.46	0.219737
1355.71	0.258802
1355.96	0.253919
1356.21	0.244153
1356.47	0.22462
1356.72	0.22462
1356.97	0.234386
1357.22	0.229503
1357.47	0.253919
1357.72	0.239269
1357.98	0.22462
1358.23	0.229503
1358.48	0.239269
1358.73	0.214854
1358.98	0.229503
1359.23	0.244153
1359.48	0.219737
1359.74	0.229503
1359.99	0.234386
1360.24	0.249036
1360.49	0.229503
1360.74	0.229503
1360.99	0.239269
1361.24	0.22462
1361.5	0.253919
1361.75	0.249036
1362	0.239269
1362.25	0.234386
1362.5	0.234386
1362.75	0.234386
1363.01	0.239269
1363.26	0.234386
1363.51	0.234386
1363.76	0.234386
1364.01	0.234386
1364.26	0.229503
1364.51	0.249036
1364.77	0.244153
1365.02	0.229503
1365.27	0.239269
1365.52	0.229503
1365.77	0.229503
1366.02	0.244153
1366.28	0.244153
1366.53	0.244153
1366.78	0.258802
1367.03	0.229503
1367.28	0.234386
1367.53	0.234386
1367.78	0.249036
1368.04	0.234386
1368.29	0.22462
1368.54	0.234386
1368.79	0.234386
1369.04	0.239269
1369.29	0.229503
1369.55	0.239269
1369.8	0.244153
1370.05	0.234386
1370.3	0.219737
1370.55	0.22462
1370.8	0.229503
1371.05	0.234386
1371.31	0.22462
1371.56	0.239269
1371.81	0.239269
1372.06	0.229503
1372.31	0.229503
1372.56	0.239269
1372.81	0.249036
1373.07	0.229503
1373.32	0.22462
1373.57	0.249036
1373.82	0.229503
1374.07	0.214854
1374.32	0.239269
1374.58	0.239269
1374.83	0.229503
1375.08	0.22462
1375.33	0.219737
1375.58	0.239269
1375.83	0.234386
1376.08	0.214854
1376.34	0.229503
1376.59	0.244153
1376.84	0.229503
1377.09	0.234386
1377.34	0.249036
1377.59	0.209971
1377.85	0.234386
1378.1	0.229503
1378.35	0.229503
1378.6	0.244153
1378.85	0.229503
1379.1	0.239269
1379.35	0.239269
1379.61	0.229503
1379.86	0.234386
1380.11	0.229503
1380.36	0.205088
1380.61	0.234386
1380.86	0.229503
1381.12	0.22462
1381.37	0.209971
1381.62	0.214854
1381.87	0.244153
1382.12	0.22462
1382.37	0.249036
1382.62	0.239269
1382.88	0.22462
1383.13	0.249036
1383.38	0.229503
1383.63	0.239269
1383.88	0.214854
1384.13	0.219737
1384.38	0.229503
1384.64	0.239269
1384.89	0.229503
1385.14	0.229503
1385.39	0.249036
1385.64	0.229503
1385.89	0.234386
1386.15	0.214854
1386.4	0.249036
1386.65	0.209971
1386.9	0.22462
1387.15	0.229503
1387.4	0.239269
1387.65	0.229503
1387.91	0.22462
1388.16	0.239269
1388.41	0.253919
1388.66	0.234386
1388.91	0.229503
1389.16	0.239269
1389.42	0.234386
1389.67	0.229503
1389.92	0.239269
1390.17	0.239269
1390.42	0.234386
1390.67	0.214854
1390.92	0.22462
1391.18	0.244153
1391.43	0.22462
1391.68	0.234386
1391.93	0.219737
1392.18	0.229503
1392.43	0.234386
1392.68	0.214854
1392.94	0.219737
1393.19	0.234386
1393.44	0.22462
1393.69	0.229503
1393.94	0.22462
1394.19	0.219737
1394.45	0.219737
1394.7	0.22462
1394.95	0.234386
1395.2	0.22462
1395.45	0.219737
1395.7	0.234386
1395.95	0.239269
1396.21	0.234386
1396.46	0.234386
1396.71	0.22462
1396.96	0.22462
1397.21	0.244153
1397.46	0.249036
1397.72	0.22462
1397.97	0.22462
1398.22	0.239269
1398.47	0.214854
1398.72	0.219737
1398.97	0.234386
1399.22	0.229503
1399.48	0.234386
1399.73	0.219737
1399.98	0.229503
1400.23	0.229503
1400.48	0.249036
1400.73	0.244153
1400.99	0.219737
1401.24	0.253919
1401.49	0.209971
1401.74	0.229503
1401.99	0.22462
1402.24	0.22462
1402.49	0.219737
1402.75	0.209971
1403	0.244153
1403.25	0.229503
1403.5	0.22462
1403.75	0.244153
1404	0.229503
1404.25	0.249036
1404.51	0.22462
1404.76	0.229503
1405.01	0.214854
1405.26	0.229503
1405.51	0.219737
1405.76	0.229503
1406.02	0.239269
1406.27	0.22462
1406.52	0.205088
1406.77	0.239269
1407.02	0.229503
1407.27	0.239269
1407.52	0.229503
1407.78	0.234386
1408.03	0.234386
1408.28	0.239269
1408.53	0.219737
1408.78	0.234386
1409.03	0.244153
1409.29	0.229503
1409.54	0.214854
1409.79	0.244153
1410.04	0.244153
1410.29	0.22462
1410.54	0.229503
1410.79	0.234386
1411.05	0.253919
1411.3	0.244153
1411.55	0.234386
1411.8	0.214854
1412.05	0.214854
1412.3	0.239269
1412.56	0.214854
1412.81	0.214854
1413.06	0.239269
1413.31	0.234386
1413.56	0.244153
1413.81	0.22462
1414.06	0.229503
1414.32	0.234386
1414.57	0.219737
1414.82	0.234386
1415.07	0.239269
1415.32	0.219737
1415.57	0.229503
1415.82	0.249036
1416.08	0.229503
1416.33	0.219737
1416.58	0.229503
1416.83	0.229503
1417.08	0.244153
1417.33	0.214854
1417.59	0.239269
1417.84	0.229503
1418.09	0.234386
1418.34	0.229503
1418.59	0.234386
1418.84	0.219737
1419.09	0.205088
1419.35	0.22462
1419.6	0.219737
1419.85	0.22462
1420.1	0.219737
1420.35	0.219737
1420.6	0.229503
1420.86	0.22462
1421.11	0.214854
1421.36	0.214854
1421.61	0.239269
1421.86	0.205088
1422.11	0.239269
1422.36	0.239269
1422.62	0.229503
1422.87	0.229503
1423.12	0.219737
1423.37	0.229503
1423.62	0.229503
1423.87	0.234386
1424.12	0.234386
1424.38	0.214854
1424.63	0.22462
1424.88	0.234386
1425.13	0.234386
1425.38	0.234386
1425.63	0.239269
1425.89	0.244153
1426.14	0.234386
1426.39	0.229503
1426.64	0.239269
1426.89	0.219737
1427.14	0.22462
1427.39	0.209971
1427.65	0.214854
1427.9	0.209971
1428.15	0.234386
1428.4	0.219737
1428.65	0.239269
1428.9	0.239269
1429.16	0.244153
1429.41	0.219737
1429.66	0.22462
1429.91	0.219737
1430.16	0.234386
1430.41	0.214854
1430.66	0.22462
1430.92	0.22462
1431.17	0.219737
1431.42	0.22462
1431.67	0.22462
1431.92	0.229503
1432.17	0.22462
1432.43	0.22462
1432.68	0.229503
1432.93	0.234386
1433.18	0.219737
1433.43	0.22462
1433.68	0.209971
1433.93	0.229503
1434.19	0.244153
1434.44	0.22462
1434.69	0.219737
1434.94	0.229503
1435.19	0.209971
1435.44	0.234386
1435.69	0.234386
1435.95	0.229503
1436.2	0.244153
1436.45	0.214854
1436.7	0.239269
1436.95	0.229503
1437.2	0.22462
1437.46	0.229503
1437.71	0.229503
1437.96	0.229503
1438.21	0.209971
1438.46	0.22462
1438.71	0.244153
1438.96	0.234386
1439.22	0.219737
1439.47	0.229503
1439.72	0.229503
1439.97	0.219737
1440.22	0.219737
1440.47	0.234386
1440.73	0.249036
1440.98	0.229503
1441.23	0.234386
1441.48	0.209971
1441.73	0.229503
1441.98	0.214854
1442.23	0.22462
1442.49	0.22462
1442.74	0.214854
1442.99	0.219737
1443.24	0.219737
1443.49	0.229503
1443.74	0.239269
1444	0.229503
1444.25	0.219737
1444.5	0.22462
1444.75	0.234386
1445	0.229503
1445.25	0.22462
1445.5	0.229503
1445.76	0.234386
1446.01	0.229503
1446.26	0.229503
1446.51	0.214854
1446.76	0.234386
1447.01	0.22462
1447.26	0.244153
1447.52	0.229503
1447.77	0.234386
1448.02	0.22462
1448.27	0.22462
1448.52	0.234386
1448.77	0.22462
1449.03	0.219737
1449.28	0.214854
1449.53	0.219737
1449.78	0.22462
1450.03	0.244153
1450.28	0.219737
1450.53	0.209971
1450.79	0.205088
1451.04	0.234386
1451.29	0.239269
1451.54	0.239269
1451.79	0.229503
1452.04	0.239269
1452.3	0.22462
1452.55	0.229503
1452.8	0.234386
1453.05	0.219737
1453.3	0.22462
1453.55	0.234386
1453.8	0.239269
1454.06	0.244153
1454.31	0.249036
1454.56	0.229503
1454.81	0.219737
1455.06	0.229503
1455.31	0.22462
1455.56	0.229503
1455.82	0.229503
1456.07	0.219737
1456.32	0.229503
1456.57	0.205088
1456.82	0.209971
1457.07	0.214854
1457.33	0.219737
1457.58	0.22462
1457.83	0.229503
1458.08	0.229503
1458.33	0.234386
1458.58	0.214854
1458.83	0.239269
1459.09	0.239269
1459.34	0.22462
1459.59	0.209971
1459.84	0.22462
1460.09	0.22462
1460.34	0.239269
1460.6	0.209971
1460.85	0.22462
1461.1	0.229503
1461.35	0.209971
1461.6	0.239269
1461.85	0.234386
1462.1	0.205088
1462.36	0.229503
1462.61	0.229503
1462.86	0.219737
1463.11	0.239269
1463.36	0.22462
1463.61	0.219737
1463.87	0.22462
1464.12	0.214854
1464.37	0.239269
1464.62	0.239269
1464.87	0.229503
1465.12	0.229503
1465.37	0.214854
1465.63	0.234386
1465.88	0.229503
1466.13	0.214854
1466.38	0.234386
1466.63	0.219737
1466.88	0.229503
1467.13	0.214854
1467.39	0.229503
1467.64	0.22462
1467.89	0.219737
1468.14	0.239269
1468.39	0.209971
1468.64	0.22462
1468.9	0.209971
1469.15	0.22462
1469.4	0.214854
1469.65	0.209971
1469.9	0.214854
1470.15	0.214854
1470.4	0.229503
1470.66	0.229503
1470.91	0.205088
1471.16	0.209971
1471.41	0.22462
1471.66	0.249036
1471.91	0.239269
1472.17	0.219737
1472.42	0.234386
1472.67	0.239269
1472.92	0.22462
1473.17	0.219737
1473.42	0.219737
1473.67	0.229503
1473.93	0.229503
1474.18	0.214854
1474.43	0.214854
1474.68	0.229503
1474.93	0.229503
1475.18	0.205088
1475.44	0.234386
1475.69	0.214854
1475.94	0.239269
1476.19	0.214854
1476.44	0.205088
1476.69	0.209971
1476.94	0.209971
1477.2	0.214854
1477.45	0.219737
1477.7	0.229503
1477.95	0.234386
1478.2	0.22462
1478.45	0.219737
1478.7	0.209971
1478.96	0.229503
1479.21	0.214854
1479.46	0.214854
1479.71	0.229503
1479.96	0.205088
1480.21	0.22462
1480.47	0.219737
1480.72	0.229503
1480.97	0.219737
1481.22	0.229503
1481.47	0.229503
1481.72	0.229503
1481.97	0.200205
1482.23	0.214854
1482.48	0.229503
1482.73	0.22462
1482.98	0.214854
1483.23	0.219737
1483.48	0.229503
1483.74	0.209971
1483.99	0.234386
1484.24	0.219737
1484.49	0.214854
1484.74	0.219737
1484.99	0.214854
1485.24	0.214854
1485.5	0.229503
1485.75	0.209971
1486	0.209971
1486.25	0.200205
1486.5	0.205088
1486.75	0.234386
1487	0.229503
1487.26	0.205088
1487.51	0.205088
1487.76	0.219737
1488.01	0.219737
1488.26	0.209971
1488.51	0.209971
1488.77	0.214854
1489.02	0.229503
1489.27	0.205088
1489.52	0.219737
1489.77	0.219737
1490.02	0.22462
1490.27	0.219737
1490.53	0.229503
1490.78	0.214854
1491.03	0.229503
1491.28	0.234386
1491.53	0.229503
1491.78	0.22462
1492.04	0.209971
1492.29	0.219737
1492.54	0.214854
1492.79	0.234386
1493.04	0.209971
1493.29	0.229503
1493.54	0.239269
1493.8	0.200205
1494.05	0.209971
1494.3	0.229503
1494.55	0.205088
1494.8	0.22462
1495.05	0.214854
1495.31	0.219737
1495.56	0.214854
1495.81	0.214854
1496.06	0.219737
1496.31	0.234386
1496.56	0.209971
1496.81	0.214854
1497.07	0.219737
1497.32	0.219737
1497.57	0.22462
1497.82	0.209971
1498.07	0.200205
1498.32	0.229503
1498.57	0.22462
1498.83	0.22462
1499.08	0.205088
1499.33	0.185556
1499.58	0.22462
1499.83	0.22462
1500.08	0.22462
1500.34	0.209971
1500.59	0.214854
1500.84	0.219737
1501.09	0.219737
1501.34	0.209971
1501.59	0.209971
1501.84	0.22462
1502.1	0.209971
1502.35	0.219737
1502.6	0.219737
1502.85	0.200205
1503.1	0.205088
1503.35	0.205088
1503.61	0.214854
1503.86	0.214854
1504.11	0.200205
1504.36	0.234386
1504.61	0.200205
1504.86	0.209971
1505.11	0.219737
1505.37	0.219737
1505.62	0.219737
1505.87	0.234386
1506.12	0.214854
1506.37	0.209971
1506.62	0.219737
1506.88	0.219737
1507.13	0.200205
1507.38	0.219737
1507.63	0.200205
1507.88	0.214854
1508.13	0.219737
1508.38	0.239269
1508.64	0.22462
1508.89	0.22462
1509.14	0.219737
